1 1900 1 6 2 3 59
2 1900 1 20 19 32 25
3 1900 2 4 13 51 31
4 1900 2 19 10 1 15
5 1900 3 6 8 21 52
6 1900 3 21 9 39 1
7 1900 4 5 13 52 41
8 1900 4 20 21 27 7
9 1900 5 6 7 55 12
10 1900 5 21 21 16 56
11 1900 6 6 24 38 57
12 1900 6 22 5 39 48
13 1900 7 7 23 10 11
14 1900 7 23 16 36 9
15 1900 8 8 8 50 35
16 1900 8 23 23 19 51
17 1900 9 8 11 16 40
18 1900 9 23 20 20 12
19 1900 10 9 2 13 11
20 1900 10 24 4 55 18
21 1900 11 8 4 39 45
22 1900 11 23 1 47 51
23 1900 12 7 20 55 52
24 1900 12 22 14 41 36
1 1901 1 6 7 53 24
2 1901 1 21 1 16 27
3 1901 2 4 19 39 52
4 1901 2 19 15 44 55
5 1901 3 6 14 10 53
6 1901 3 21 15 23 34
7 1901 4 5 19 44 22
8 1901 4 21 3 13 26
9 1901 5 6 13 50 24
10 1901 5 22 3 4 40
11 1901 6 6 18 36 28
12 1901 6 22 11 27 49
13 1901 7 8 5 7 35
14 1901 7 23 22 23 47
15 1901 8 8 14 46 7
16 1901 8 24 5 7 31
17 1901 9 8 17 10 16
18 1901 9 24 2 8 58
19 1901 10 9 8 6 29
20 1901 10 24 10 46 16
21 1901 11 8 10 34 31
22 1901 11 23 7 41 15
23 1901 12 8 2 52 40
24 1901 12 22 20 36 37
1 1902 1 6 13 51 35
2 1902 1 21 7 11 57
3 1902 2 5 1 38 8
4 1902 2 19 21 39 42
5 1902 3 6 20 7 32
6 1902 3 21 21 16 34
7 1902 4 6 1 37 26
8 1902 4 21 9 4 8
9 1902 5 6 19 38 48
10 1902 5 22 8 53 33
11 1902 6 7 0 19 48
12 1902 6 22 17 15 8
13 1902 7 8 10 46 21
14 1902 7 24 4 9 52
15 1902 8 8 20 22 17
16 1902 8 24 10 53 3
17 1902 9 8 22 46 27
18 1902 9 24 7 55 20
19 1902 10 9 13 45 11
20 1902 10 24 16 35 40
21 1902 11 8 16 17 46
22 1902 11 23 13 35 26
23 1902 12 8 8 41 2
24 1902 12 23 2 35 32
1 1903 1 6 19 43 43
2 1903 1 21 13 13 32
3 1903 2 5 7 31 16
4 1903 2 20 3 40 48
5 1903 3 7 1 58 53
6 1903 3 22 3 14 46
7 1903 4 6 7 25 55
8 1903 4 21 14 58 39
9 1903 5 7 1 25 22
10 1903 5 22 14 45 2
11 1903 6 7 6 7 9
12 1903 6 22 23 4 57
13 1903 7 8 16 36 36
14 1903 7 24 9 58 46
15 1903 8 9 2 15 50
16 1903 8 24 16 41 37
17 1903 9 9 4 42 22
18 1903 9 24 13 43 41
19 1903 10 9 19 41 43
20 1903 10 24 22 23 3
21 1903 11 8 22 13 24
22 1903 11 23 19 21 25
23 1903 12 8 14 35 20
24 1903 12 23 8 20 26
1 1904 1 7 1 37 3
2 1904 1 21 18 57 50
3 1904 2 5 13 24 7
4 1904 2 20 9 24 51
5 1904 3 6 7 51 38
6 1904 3 21 8 58 34
7 1904 4 5 13 18 51
8 1904 4 20 20 42 8
9 1904 5 6 7 18 34
10 1904 5 21 20 28 56
11 1904 6 6 24 0 58
12 1904 6 22 4 51 21
13 1904 7 7 22 31 42
14 1904 7 23 15 49 35
15 1904 8 8 8 11 52
16 1904 8 23 22 36 25
17 1904 9 8 10 37 59
18 1904 9 23 19 40 14
19 1904 10 9 1 35 35
20 1904 10 24 4 19 4
21 1904 11 8 4 4 59
22 1904 11 23 1 15 53
23 1904 12 7 20 25 22
24 1904 12 22 14 13 58
1 1905 1 6 7 27 8
2 1905 1 21 0 51 54
3 1905 2 4 19 15 48
4 1905 2 19 15 20 56
5 1905 3 6 13 45 35
6 1905 3 21 14 57 31
7 1905 4 5 19 14 28
8 1905 4 21 2 43 44
9 1905 5 6 13 14 5
10 1905 5 22 2 31 16
11 1905 6 6 17 53 33
12 1905 6 22 10 51 22
13 1905 7 8 4 19 59
14 1905 7 23 21 45 38
15 1905 8 8 13 56 58
16 1905 8 24 4 28 38
17 1905 9 8 16 21 47
18 1905 9 24 1 29 58
19 1905 10 9 7 19 36
20 1905 10 24 10 7 56
21 1905 11 8 9 49 48
22 1905 11 23 7 4 54
23 1905 12 8 2 10 48
24 1905 12 22 20 3 43
1 1906 1 6 13 13 27
2 1906 1 21 6 43 15
3 1906 2 5 1 3 53
4 1906 2 19 21 14 29
5 1906 3 6 19 36 6
6 1906 3 21 20 52 47
7 1906 4 6 1 7 16
8 1906 4 21 8 39 11
9 1906 5 6 19 8 29
10 1906 5 22 8 24 55
11 1906 6 6 23 48 54
12 1906 6 22 16 41 49
13 1906 7 8 10 15 16
14 1906 7 24 3 32 33
15 1906 8 8 19 51 34
16 1906 8 24 10 13 33
17 1906 9 8 22 16 13
18 1906 9 24 7 15 0
19 1906 10 9 13 14 54
20 1906 10 24 15 54 44
21 1906 11 8 15 46 55
22 1906 11 23 24 53 52
23 1906 12 8 8 9 27
24 1906 12 23 1 53 19
1 1907 1 6 19 11 25
2 1907 1 21 24 30 48
3 1907 2 5 6 58 49
4 1907 2 20 2 58 17
5 1907 3 7 1 27 4
6 1907 3 22 2 33 0
7 1907 4 6 6 54 46
8 1907 4 21 14 17 12
9 1907 5 7 0 53 36
10 1907 5 22 14 3 15
11 1907 6 7 5 32 58
12 1907 6 22 22 23 0
13 1907 7 8 15 59 10
14 1907 7 24 9 17 57
15 1907 8 9 1 35 58
16 1907 8 24 16 3 24
17 1907 9 9 4 2 3
18 1907 9 24 13 8 55
19 1907 10 9 19 2 43
20 1907 10 24 21 51 32
21 1907 11 8 21 36 18
22 1907 11 23 18 52 5
23 1907 12 8 13 59 27
24 1907 12 23 7 51 34
1 1908 1 7 1 1 7
2 1908 1 21 18 28 4
3 1908 2 5 24 47 14
4 1908 2 20 8 53 53
5 1908 3 6 7 13 36
6 1908 3 21 8 27 13
7 1908 4 5 24 39 47
8 1908 4 20 20 11 15
9 1908 5 6 6 38 20
10 1908 5 21 19 58 7
11 1908 6 6 11 19 4
12 1908 6 22 4 19 3
13 1908 7 7 21 48 1
14 1908 7 23 15 14 6
15 1908 8 8 7 26 44
16 1908 8 23 9 57 0
17 1908 9 8 9 52 19
18 1908 9 23 18 58 16
19 1908 10 9 0 50 52
20 1908 10 24 3 36 49
21 1908 11 8 3 22 3
22 1908 11 23 0 34 39
23 1908 12 7 19 43 38
24 1908 12 22 13 33 27
1 1909 1 6 6 45 13
2 1909 1 21 0 10 57
3 1909 2 4 18 32 32
4 1909 2 19 14 38 21
5 1909 3 6 13 0 47
6 1909 3 21 14 12 56
7 1909 4 5 18 29 26
8 1909 4 21 1 57 45
9 1909 5 6 24 30 49
10 1909 5 22 1 44 52
11 1909 6 6 17 13 56
12 1909 6 22 10 5 32
13 1909 7 8 3 43 58
14 1909 7 23 21 0 27
15 1909 8 8 13 22 29
16 1909 8 24 3 43 33
17 1909 9 8 15 46 35
18 1909 9 24 0 44 32
19 1909 10 9 6 43 8
20 1909 10 24 9 22 31
21 1909 11 8 9 13 4
22 1909 11 23 6 20 15
23 1909 12 8 1 34 50
24 1909 12 22 19 19 49
1 1910 1 6 24 37 57
2 1910 1 21 5 58 56
3 1910 2 5 0 27 23
4 1910 2 19 20 28 7
5 1910 3 6 18 56 31
6 1910 3 21 20 2 52
7 1910 4 6 0 22 55
8 1910 4 21 7 45 43
9 1910 5 6 18 19 21
10 1910 5 22 7 30 9
11 1910 6 6 22 56 22
12 1910 6 22 15 48 42
13 1910 7 8 9 21 3
14 1910 7 24 2 42 56
15 1910 8 8 18 57 11
16 1910 8 24 9 27 21
17 1910 9 8 21 22 13
18 1910 9 24 6 30 44
19 1910 10 9 24 21 7
20 1910 10 24 15 11 8
21 1910 11 8 14 53 25
22 1910 11 23 24 10 50
23 1910 12 8 7 16 55
24 1910 12 23 1 11 45
1 1911 1 6 18 20 54
2 1911 1 21 11 51 24
3 1911 2 5 6 10 17
4 1911 2 20 2 20 18
5 1911 3 7 0 38 51
6 1911 3 22 1 54 20
7 1911 4 6 6 4 31
8 1911 4 21 13 35 56
9 1911 5 7 0 0 17
10 1911 5 22 13 18 34
11 1911 6 7 4 37 53
12 1911 6 22 21 35 32
13 1911 7 8 15 4 55
14 1911 7 24 8 28 38
15 1911 8 9 0 44 25
16 1911 8 24 15 12 57
17 1911 9 9 3 13 16
18 1911 9 24 24 17 32
19 1911 10 9 18 14 55
20 1911 10 24 20 58 12
21 1911 11 8 20 47 1
22 1911 11 23 17 55 55
23 1911 12 8 13 7 36
24 1911 12 23 6 53 12
1 1912 1 7 0 7 28
2 1912 1 21 17 29 6
3 1912 2 5 11 53 32
4 1912 2 20 7 55 35
5 1912 3 6 6 20 59
6 1912 3 21 7 29 19
7 1912 4 5 11 48 15
8 1912 4 20 19 12 21
9 1912 5 6 5 47 2
10 1912 5 21 18 57 5
11 1912 6 6 10 27 30
12 1912 6 22 3 16 52
13 1912 7 7 20 56 43
14 1912 7 23 14 13 40
15 1912 8 8 6 37 14
16 1912 8 23 21 1 19
17 1912 9 8 9 5 40
18 1912 9 23 18 7 59
19 1912 10 9 0 6 43
20 1912 10 24 2 50 1
21 1912 11 8 2 38 40
22 1912 11 22 23 48 9
23 1912 12 7 18 58 54
24 1912 12 22 24 44 41
1 1913 1 6 5 57 54
2 1913 1 20 23 19 4
3 1913 2 4 17 42 38
4 1913 2 19 13 44 11
5 1913 3 6 24 8 57
6 1913 3 21 13 17 56
7 1913 4 5 17 35 52
8 1913 4 21 1 2 51
9 1913 5 6 11 34 39
10 1913 5 22 0 49 50
11 1913 6 6 16 13 24
12 1913 6 22 9 9 28
13 1913 7 8 2 38 54
14 1913 7 23 20 3 42
15 1913 8 8 24 15 49
16 1913 8 24 2 48 12
17 1913 9 8 14 42 23
18 1913 9 23 23 52 43
19 1913 10 9 5 43 39
20 1913 10 24 8 34 51
21 1913 11 8 8 17 43
22 1913 11 23 5 35 14
23 1913 12 8 0 41 3
24 1913 12 22 18 34 51
1 1914 1 6 11 42 51
2 1914 1 21 5 11 48
3 1914 2 4 23 29 17
4 1914 2 19 19 37 54
5 1914 3 6 17 55 49
6 1914 3 21 19 10 41
7 1914 4 5 23 21 50
8 1914 4 21 6 53 11
9 1914 5 6 17 20 1
10 1914 5 22 6 37 36
11 1914 6 6 21 59 57
12 1914 6 22 14 55 1
13 1914 7 8 8 27 12
14 1914 7 24 1 46 54
15 1914 8 8 18 5 13
16 1914 8 24 8 29 35
17 1914 9 8 20 32 27
18 1914 9 24 5 33 46
19 1914 10 9 11 34 47
20 1914 10 24 14 17 14
21 1914 11 8 14 11 1
22 1914 11 23 11 20 20
23 1914 12 8 6 37 7
24 1914 12 23 0 22 24
1 1915 1 6 17 40 17
2 1915 1 21 10 59 30
3 1915 2 5 5 25 25
4 1915 2 20 1 23 2
5 1915 3 6 23 48 15
6 1915 3 22 0 51 15
7 1915 4 6 5 9 15
8 1915 4 21 24 28 46
9 1915 5 6 23 2 43
10 1915 5 22 24 10 23
11 1915 6 7 3 40 7
12 1915 6 22 20 29 21
13 1915 7 8 14 7 46
14 1915 7 24 7 26 23
15 1915 8 8 23 47 41
16 1915 8 24 14 14 59
17 1915 9 9 2 17 5
18 1915 9 24 11 23 47
19 1915 10 9 17 20 52
20 1915 10 24 20 9 38
21 1915 11 8 19 57 38
22 1915 11 23 17 13 28
23 1915 12 8 24 23 53
24 1915 12 23 6 15 45
1 1916 1 6 23 27 47
2 1916 1 21 16 53 33
3 1916 2 5 11 13 59
4 1916 2 20 7 17 58
5 1916 3 6 5 37 22
6 1916 3 21 6 46 51
7 1916 4 5 10 57 49
8 1916 4 20 18 24 35
9 1916 5 6 4 49 48
10 1916 5 21 18 5 51
11 1916 6 6 9 25 41
12 1916 6 22 2 24 23
13 1916 7 7 19 53 35
14 1916 7 23 13 21 10
15 1916 8 8 5 34 57
16 1916 8 23 20 8 32
17 1916 9 8 8 5 1
18 1916 9 23 17 14 44
19 1916 10 8 23 7 51
20 1916 10 24 1 57 11
21 1916 11 8 1 42 16
22 1916 11 22 22 57 45
23 1916 12 7 18 6 10
24 1916 12 22 11 58 33
1 1917 1 6 5 9 27
2 1917 1 20 22 37 19
3 1917 2 4 16 57 33
4 1917 2 19 13 4 45
5 1917 3 6 11 24 48
6 1917 3 21 24 37 12
7 1917 4 5 16 49 53
8 1917 4 21 0 17 22
9 1917 5 6 10 45 41
10 1917 5 21 23 58 33
11 1917 6 6 15 23 12
12 1917 6 22 8 14 17
13 1917 7 8 1 50 14
14 1917 7 23 19 7 46
15 1917 8 8 11 30 8
16 1917 8 24 1 53 39
17 1917 9 8 13 59 20
18 1917 9 23 23 0 8
19 1917 10 9 5 2 7
20 1917 10 24 7 43 38
21 1917 11 8 7 36 56
22 1917 11 23 4 44 54
23 1917 12 8 0 1 2
24 1917 12 22 17 45 39
1 1918 1 6 11 4 25
2 1918 1 21 4 24 32
3 1918 2 4 22 53 5
4 1918 2 19 18 52 40
5 1918 3 6 17 20 55
6 1918 3 21 18 25 36
7 1918 4 5 22 45 12
8 1918 4 21 6 5 21
9 1918 5 6 16 38 12
10 1918 5 22 5 45 28
11 1918 6 6 21 10 58
12 1918 6 22 13 59 35
13 1918 7 8 7 32 9
14 1918 7 24 0 51 24
15 1918 8 8 17 7 25
16 1918 8 24 7 37 8
17 1918 9 8 19 35 27
18 1918 9 24 4 45 36
19 1918 10 9 10 40 17
20 1918 10 24 13 32 45
21 1918 11 8 13 18 52
22 1918 11 23 10 38 2
23 1918 12 8 5 46 31
24 1918 12 22 23 41 28
1 1919 1 6 16 51 28
2 1919 1 21 10 20 40
3 1919 2 5 4 39 23
4 1919 2 20 0 47 25
5 1919 3 6 23 5 29
6 1919 3 22 0 19 5
7 1919 4 6 4 28 43
8 1919 4 21 11 58 36
9 1919 5 6 22 22 1
10 1919 5 22 11 39 5
11 1919 6 7 2 56 38
12 1919 6 22 19 53 32
13 1919 7 8 13 20 33
14 1919 7 24 6 44 29
15 1919 8 8 22 58 1
16 1919 8 24 13 28 19
17 1919 9 9 1 27 38
18 1919 9 24 10 35 20
19 1919 10 9 16 33 21
20 1919 10 24 19 21 15
21 1919 11 8 19 11 31
22 1919 11 23 16 25 11
23 1919 12 8 11 37 49
24 1919 12 23 5 27 4
1 1920 1 6 22 40 48
2 1920 1 21 16 4 19
3 1920 2 5 10 26 27
4 1920 2 20 6 28 58
5 1920 3 6 4 51 3
6 1920 3 21 5 59 15
7 1920 4 5 10 14 54
8 1920 4 20 17 39 6
9 1920 5 6 4 11 17
10 1920 5 21 17 21 43
11 1920 6 6 8 50 24
12 1920 6 22 1 39 46
13 1920 7 7 19 18 37
14 1920 7 23 24 34 54
15 1920 8 8 4 58 16
16 1920 8 23 19 21 16
17 1920 9 8 7 26 33
18 1920 9 23 16 28 6
19 1920 10 8 22 29 11
20 1920 10 24 1 12 39
21 1920 11 8 1 4 57
22 1920 11 22 22 15 24
23 1920 12 7 17 30 18
24 1920 12 22 11 16 57
1 1921 1 6 4 33 41
2 1921 1 20 21 54 39
3 1921 2 4 16 20 12
4 1921 2 19 24 19 56
5 1921 3 6 10 45 8
6 1921 3 21 11 50 59
7 1921 4 5 16 8 41
8 1921 4 20 23 32 15
9 1921 5 6 10 4 19
10 1921 5 21 23 16 42
11 1921 6 6 14 41 28
12 1921 6 22 7 35 37
13 1921 7 8 1 6 35
14 1921 7 23 18 30 15
15 1921 8 8 10 43 26
16 1921 8 24 1 15 8
17 1921 9 8 13 9 39
18 1921 9 23 22 19 42
19 1921 10 9 4 10 36
20 1921 10 24 7 2 17
21 1921 11 8 6 45 30
22 1921 11 23 4 4 30
23 1921 12 7 23 11 27
24 1921 12 22 17 7 23
1 1922 1 6 10 16 55
2 1922 1 21 3 47 55
3 1922 2 4 22 6 25
4 1922 2 19 18 16 8
5 1922 3 6 16 33 51
6 1922 3 21 17 48 34
7 1922 4 5 21 58 2
8 1922 4 21 5 28 33
9 1922 5 6 15 52 52
10 1922 5 22 5 10 14
11 1922 6 6 20 30 17
12 1922 6 22 13 26 40
13 1922 7 8 6 57 27
14 1922 7 24 0 19 38
15 1922 8 8 16 37 9
16 1922 8 24 7 4 10
17 1922 9 8 19 6 19
18 1922 9 24 4 9 33
19 1922 10 9 10 9 27
20 1922 10 24 24 52 53
21 1922 11 8 24 45 12
22 1922 11 23 9 55 11
23 1922 12 8 5 10 41
24 1922 12 22 22 56 53
1 1923 1 6 16 14 1
2 1923 1 21 9 34 47
3 1923 2 5 4 0 17
4 1923 2 19 23 59 41
5 1923 3 6 22 24 26
6 1923 3 21 23 28 42
7 1923 4 6 3 45 47
8 1923 4 21 11 5 34
9 1923 5 6 21 38 15
10 1923 5 22 10 45 14
11 1923 6 7 2 14 19
12 1923 6 22 19 2 43
13 1923 7 8 24 42 12
14 1923 7 24 6 0 29
15 1923 8 8 22 24 30
16 1923 8 24 24 51 47
17 1923 9 9 0 57 11
18 1923 9 24 10 3 32
19 1923 10 9 16 3 23
20 1923 10 24 18 50 50
21 1923 11 8 18 40 21
22 1923 11 23 15 53 37
23 1923 12 8 11 4 35
24 1923 12 23 4 53 13
1 1924 1 6 22 5 34
2 1924 1 21 15 28 21
3 1924 2 5 9 49 34
4 1924 2 20 5 51 17
5 1924 3 6 4 12 14
6 1924 3 21 5 20 4
7 1924 4 5 9 33 8
8 1924 4 20 16 58 34
9 1924 5 6 3 25 40
10 1924 5 21 16 40 26
11 1924 6 6 8 1 32
12 1924 6 22 0 59 20
13 1924 7 7 18 29 26
14 1924 7 23 11 57 29
15 1924 8 8 4 12 16
16 1924 8 23 18 47 55
17 1924 9 8 6 45 32
18 1924 9 23 15 58 15
19 1924 10 8 21 52 11
20 1924 10 24 0 44 24
21 1924 11 8 0 29 13
22 1924 11 22 21 46 23
23 1924 12 7 4 53 0
24 1924 12 22 10 45 26
1 1925 1 6 3 53 15
2 1925 1 20 21 20 9
3 1925 2 4 15 36 47
4 1925 2 19 11 43 2
5 1925 3 6 9 59 51
6 1925 3 21 11 12 8
7 1925 4 5 15 22 28
8 1925 4 20 22 51 6
9 1925 5 6 9 17 51
10 1925 5 21 22 32 55
11 1925 6 6 13 56 24
12 1925 6 22 6 49 56
13 1925 7 8 0 24 55
14 1925 7 23 17 44 49
15 1925 8 8 10 7 7
16 1925 8 24 0 33 6
17 1925 9 8 24 40 3
18 1925 9 23 21 43 21
19 1925 10 9 3 47 23
20 1925 10 24 6 31 3
21 1925 11 8 6 26 15
22 1925 11 23 3 35 26
23 1925 12 7 22 52 18
24 1925 12 22 16 36 36
1 1926 1 6 9 54 18
2 1926 1 21 3 12 25
3 1926 2 4 21 38 15
4 1926 2 19 17 34 43
5 1926 3 6 15 59 42
6 1926 3 21 17 1 8
7 1926 4 5 21 18 18
8 1926 4 21 4 36 4
9 1926 5 6 15 8 21
10 1926 5 22 4 14 27
11 1926 6 6 19 41 38
12 1926 6 22 24 29 59
13 1926 7 8 6 5 37
14 1926 7 23 23 24 45
15 1926 8 8 15 44 13
16 1926 8 24 6 13 55
17 1926 9 8 18 15 52
18 1926 9 24 3 26 33
19 1926 10 9 9 24 53
20 1926 10 24 24 18 15
21 1926 11 8 24 7 42
22 1926 11 23 9 27 32
23 1926 12 8 4 38 40
24 1926 12 22 22 33 19
1 1927 1 6 15 44 38
2 1927 1 21 9 11 48
3 1927 2 5 3 30 2
4 1927 2 19 23 34 14
5 1927 3 6 21 50 18
6 1927 3 21 22 59 3
7 1927 4 6 3 6 6
8 1927 4 21 10 31 39
9 1927 5 6 20 53 3
10 1927 5 22 10 7 48
11 1927 6 7 1 24 44
12 1927 6 22 18 22 8
13 1927 7 8 11 49 57
14 1927 7 24 5 16 42
15 1927 8 8 21 31 25
16 1927 8 24 24 5 24
17 1927 9 9 0 5 26
18 1927 9 24 9 16 53
19 1927 10 9 15 15 6
20 1927 10 24 18 6 39
21 1927 11 8 17 56 55
22 1927 11 23 15 13 56
23 1927 12 8 10 26 19
24 1927 12 23 4 18 26
1 1928 1 6 21 31 12
2 1928 1 21 14 56 37
3 1928 2 5 9 16 24
4 1928 2 20 5 19 14
5 1928 3 6 3 37 16
6 1928 3 21 4 44 12
7 1928 4 5 8 54 32
8 1928 4 20 16 16 41
9 1928 5 6 2 43 30
10 1928 5 21 15 52 19
11 1928 6 6 7 17 9
12 1928 6 22 0 6 24
13 1928 7 7 17 44 17
14 1928 7 23 11 2 15
15 1928 8 8 3 27 32
16 1928 8 23 17 53 6
17 1928 9 8 6 1 47
18 1928 9 23 15 5 27
19 1928 10 8 21 9 52
20 1928 10 23 23 54 29
21 1928 11 7 23 49 32
22 1928 11 22 21 0 14
23 1928 12 7 16 17 18
24 1928 12 22 10 3 38
1 1929 1 6 3 22 2
2 1929 1 20 20 42 13
3 1929 2 4 15 8 44
4 1929 2 19 11 6 51
5 1929 3 6 9 32 0
6 1929 3 21 10 34 47
7 1929 4 5 14 51 15
8 1929 4 20 22 10 17
9 1929 5 6 8 40 20
10 1929 5 21 21 47 34
11 1929 6 6 13 10 49
12 1929 6 22 6 0 34
13 1929 7 7 23 31 40
14 1929 7 23 16 53 15
15 1929 8 8 9 8 43
16 1929 8 23 23 41 14
17 1929 9 8 11 39 35
18 1929 9 23 20 52 16
19 1929 10 9 2 47 2
20 1929 10 24 5 41 24
21 1929 11 8 5 27 28
22 1929 11 23 2 48 3
23 1929 12 7 21 56 25
24 1929 12 22 15 52 43
1 1930 1 6 9 2 33
2 1930 1 21 2 32 58
3 1930 2 4 20 51 8
4 1930 2 19 16 59 46
5 1930 3 6 15 16 35
6 1930 3 21 16 29 43
7 1930 4 5 20 37 24
8 1930 4 21 4 5 46
9 1930 5 6 2 27 0
10 1930 5 22 3 41 59
11 1930 6 6 18 58 3
12 1930 6 22 11 52 47
13 1930 7 8 5 19 41
14 1930 7 23 22 41 57
15 1930 8 8 14 56 59
16 1930 8 24 5 26 19
17 1930 9 8 17 28 24
18 1930 9 24 2 35 54
19 1930 10 9 8 37 28
20 1930 10 24 11 25 57
21 1930 11 8 11 20 11
22 1930 11 23 8 34 26
23 1930 12 8 3 50 39
24 1930 12 22 21 39 30
1 1931 1 6 14 55 36
2 1931 1 21 8 17 29
3 1931 2 5 2 40 39
4 1931 2 19 22 40 15
5 1931 3 6 21 2 7
6 1931 3 21 22 6 15
7 1931 4 6 2 20 26
8 1931 4 21 9 39 45
9 1931 5 6 20 9 34
10 1931 5 22 9 15 23
11 1931 6 7 0 41 45
12 1931 6 22 17 28 1
13 1931 7 8 11 5 35
14 1931 7 24 4 21 22
15 1931 8 8 20 44 54
16 1931 8 24 11 10 14
17 1931 9 8 23 17 18
18 1931 9 24 8 23 16
19 1931 10 9 14 26 52
20 1931 10 24 17 15 26
21 1931 11 8 17 9 52
22 1931 11 23 14 24 38
23 1931 12 8 9 40 17
24 1931 12 23 3 29 33
1 1932 1 6 20 45 5
2 1932 1 21 14 6 47
3 1932 2 5 8 29 21
4 1932 2 20 4 28 20
5 1932 3 6 2 49 21
6 1932 3 21 3 53 32
7 1932 4 5 8 6 20
8 1932 4 20 15 28 1
9 1932 5 6 1 55 8
10 1932 5 21 15 6 32
11 1932 6 6 6 27 45
12 1932 6 21 23 22 34
13 1932 7 7 16 52 17
14 1932 7 23 10 18 0
15 1932 8 8 2 31 50
16 1932 8 23 17 6 13
17 1932 9 8 5 2 51
18 1932 9 23 14 15 51
19 1932 10 8 20 9 38
20 1932 10 23 23 3 51
21 1932 11 7 22 49 40
22 1932 11 22 20 10 5
23 1932 12 7 15 18 23
24 1932 12 22 9 14 12
1 1933 1 6 2 23 20
2 1933 1 20 19 52 40
3 1933 2 4 14 9 16
4 1933 2 19 10 16 17
5 1933 3 6 8 31 26
6 1933 3 21 9 43 3
7 1933 4 5 13 50 30
8 1933 4 20 21 18 14
9 1933 5 6 7 41 45
10 1933 5 21 20 56 45
11 1933 6 6 24 17 19
12 1933 6 22 5 11 47
13 1933 7 7 22 44 19
14 1933 7 23 16 5 23
15 1933 8 8 8 25 31
16 1933 8 23 22 52 19
17 1933 9 8 10 57 27
18 1933 9 23 20 1 5
19 1933 10 9 2 3 54
20 1933 10 24 4 48 2
21 1933 11 8 4 42 59
22 1933 11 23 1 53 25
23 1933 12 7 21 11 6
24 1933 12 22 14 57 27
1 1934 1 6 8 16 28
2 1934 1 21 1 36 52
3 1934 2 4 20 3 38
4 1934 2 19 16 1 37
5 1934 3 6 14 26 19
6 1934 3 21 15 27 52
7 1934 4 5 19 43 38
8 1934 4 21 3 0 7
9 1934 5 6 13 30 43
10 1934 5 22 2 34 51
11 1934 6 6 18 1 23
12 1934 6 22 10 47 53
13 1934 7 8 4 24 26
14 1934 7 23 21 42 10
15 1934 8 8 14 3 38
16 1934 8 24 4 32 1
17 1934 9 8 16 36 8
18 1934 9 24 1 45 8
19 1934 10 9 7 45 0
20 1934 10 24 10 36 14
21 1934 11 8 10 26 41
22 1934 11 23 7 44 21
23 1934 12 8 2 56 31
24 1934 12 22 20 49 22
1 1935 1 6 14 2 19
2 1935 1 21 7 28 17
3 1935 2 5 1 48 41
4 1935 2 19 21 51 55
5 1935 3 6 20 10 10
6 1935 3 21 21 17 42
7 1935 4 6 1 26 20
8 1935 4 21 8 50 4
9 1935 5 6 19 12 2
10 1935 5 22 8 24 47
11 1935 6 6 23 41 35
12 1935 6 22 16 37 51
13 1935 7 8 10 5 33
14 1935 7 24 3 32 55
15 1935 8 8 19 47 49
16 1935 8 24 10 23 57
17 1935 9 8 22 24 6
18 1935 9 24 7 38 7
19 1935 10 9 13 35 40
20 1935 10 24 16 29 10
21 1935 11 8 16 17 31
22 1935 11 23 13 35 24
23 1935 12 8 8 44 51
24 1935 12 23 2 37 4
1 1936 1 6 19 46 39
2 1936 1 21 13 12 15
3 1936 2 5 7 29 16
4 1936 2 20 3 33 1
5 1936 3 6 1 49 7
6 1936 3 21 2 57 48
7 1936 4 5 7 6 43
8 1936 4 20 14 31 5
9 1936 5 6 0 56 30
10 1936 5 21 14 7 23
11 1936 6 6 5 30 40
12 1936 6 21 22 21 36
13 1936 7 7 15 58 18
14 1936 7 23 9 17 51
15 1936 8 8 1 43 11
16 1936 8 23 16 10 30
17 1936 9 8 4 20 35
18 1936 9 23 13 25 56
19 1936 10 8 19 32 25
20 1936 10 23 22 18 3
21 1936 11 7 22 14 40
22 1936 11 22 19 25 1
23 1936 12 7 14 42 15
24 1936 12 22 8 26 40
1 1937 1 6 1 43 46
2 1937 1 20 19 0 57
3 1937 2 4 13 25 34
4 1937 2 19 9 20 41
5 1937 3 6 7 44 24
6 1937 3 21 8 45 2
7 1937 4 5 13 1 23
8 1937 4 20 20 19 9
9 1937 5 6 6 50 35
10 1937 5 21 19 57 8
11 1937 6 6 11 22 49
12 1937 6 22 4 11 57
13 1937 7 7 21 45 58
14 1937 7 23 15 6 54
15 1937 8 8 7 25 22
16 1937 8 23 21 57 49
17 1937 9 8 9 59 25
18 1937 9 23 19 12 53
19 1937 10 9 1 10 55
20 1937 10 24 4 6 29
21 1937 11 8 3 55 16
22 1937 11 23 1 16 28
23 1937 12 7 20 26 17
24 1937 12 22 14 21 38
1 1938 1 6 7 31 9
2 1938 1 21 0 58 44
3 1938 2 4 19 14 59
4 1938 2 19 15 19 33
5 1938 3 6 13 33 45
6 1938 3 21 14 43 2
7 1938 4 5 18 48 39
8 1938 4 21 2 14 41
9 1938 5 6 24 35 9
10 1938 5 22 1 50 9
11 1938 6 6 17 6 38
12 1938 6 22 10 3 32
13 1938 7 8 3 31 23
14 1938 7 23 20 57 3
15 1938 8 8 13 12 40
16 1938 8 24 3 45 46
17 1938 9 8 15 48 7
18 1938 9 24 0 59 28
19 1938 10 9 7 1 24
20 1938 10 24 9 53 45
21 1938 11 8 9 48 20
22 1938 11 23 7 6 4
23 1938 12 8 2 21 58
24 1938 12 22 20 13 23
1 1939 1 6 13 27 51
2 1939 1 21 6 50 41
3 1939 2 5 1 10 27
4 1939 2 19 21 9 15
5 1939 3 6 19 26 10
6 1939 3 21 20 28 25
7 1939 4 6 0 37 24
8 1939 4 21 7 55 5
9 1939 5 6 18 21 3
10 1939 5 22 7 26 38
11 1939 6 6 22 51 40
12 1939 6 22 15 39 24
13 1939 7 8 9 18 21
14 1939 7 24 2 36 37
15 1939 8 8 19 3 27
16 1939 8 24 9 31 8
17 1939 9 8 21 42 3
18 1939 9 24 6 49 24
19 1939 10 9 24 56 37
20 1939 10 24 15 45 49
21 1939 11 8 15 43 32
22 1939 11 23 24 58 29
23 1939 12 8 8 17 2
24 1939 12 23 2 5 57
1 1940 1 6 19 23 42
2 1940 1 21 24 44 4
3 1940 2 5 7 7 32
4 1940 2 20 3 3 43
5 1940 3 6 1 23 59
6 1940 3 21 2 23 42
7 1940 4 5 6 34 33
8 1940 4 20 13 50 52
9 1940 5 6 0 16 17
10 1940 5 21 13 23 1
11 1940 6 6 4 44 4
12 1940 6 21 21 36 23
13 1940 7 7 15 8 2
14 1940 7 23 8 34 3
15 1940 8 8 0 51 29
16 1940 8 23 15 28 32
17 1940 9 8 3 29 13
18 1940 9 23 24 45 32
19 1940 10 8 18 42 23
20 1940 10 23 21 39 19
21 1940 11 7 21 26 47
22 1940 11 22 18 48 57
23 1940 12 7 13 57 52
24 1940 12 22 7 54 42
1 1941 1 6 1 3 55
2 1941 1 20 18 33 37
3 1941 2 4 24 49 46
4 1941 2 19 8 56 22
5 1941 3 6 7 10 6
6 1941 3 21 8 20 20
7 1941 4 5 24 24 57
8 1941 4 20 19 50 26
9 1941 5 6 6 9 51
10 1941 5 21 19 22 49
11 1941 6 6 10 39 12
12 1941 6 22 3 33 16
13 1941 7 7 21 3 6
14 1941 7 23 14 26 9
15 1941 8 8 6 45 53
16 1941 8 23 21 16 52
17 1941 9 8 9 23 49
18 1941 9 23 18 32 43
19 1941 10 9 0 38 14
20 1941 10 24 3 27 10
21 1941 11 8 3 24 5
22 1941 11 23 0 37 48
23 1941 12 7 19 55 59
24 1941 12 22 13 44 7
1 1942 1 6 7 2 18
2 1942 1 21 0 23 28
3 1942 2 4 18 48 33
4 1942 2 19 14 46 47
5 1942 3 6 13 9 21
6 1942 3 21 14 10 35
7 1942 4 5 18 23 50
8 1942 4 21 1 39 7
9 1942 5 6 24 6 50
10 1942 5 22 1 8 39
11 1942 6 6 16 32 32
12 1942 6 22 9 16 14
13 1942 7 8 2 51 48
14 1942 7 23 20 7 25
15 1942 8 8 24 30 19
16 1942 8 24 2 58 12
17 1942 9 8 15 6 9
18 1942 9 24 0 16 26
19 1942 10 9 6 21 43
20 1942 10 24 9 15 9
21 1942 11 8 9 11 9
22 1942 11 23 6 30 23
23 1942 12 8 1 46 47
24 1942 12 22 19 39 32
1 1943 1 6 24 54 50
2 1943 1 21 6 18 51
3 1943 2 5 0 40 5
4 1943 2 19 20 40 13
5 1943 3 6 18 58 33
6 1943 3 21 20 2 35
7 1943 4 6 0 11 11
8 1943 4 21 7 31 28
9 1943 5 6 17 53 23
10 1943 5 22 7 2 50
11 1943 6 6 22 18 58
12 1943 6 22 15 12 18
13 1943 7 8 8 38 50
14 1943 7 24 2 4 31
15 1943 8 8 18 18 31
16 1943 8 24 8 54 59
17 1943 9 8 20 55 10
18 1943 9 24 6 11 41
19 1943 10 9 24 10 30
20 1943 10 24 15 8 16
21 1943 11 8 14 58 45
22 1943 11 23 24 21 28
23 1943 12 8 7 32 52
24 1943 12 23 1 29 4
1 1944 1 6 18 39 15
2 1944 1 21 24 7 5
3 1944 2 5 6 22 55
4 1944 2 20 2 27 6
5 1944 3 6 0 40 27
6 1944 3 21 1 48 34
7 1944 4 5 5 53 59
8 1944 4 20 13 17 46
9 1944 5 5 23 39 44
10 1944 5 21 24 50 48
11 1944 6 6 4 10 54
12 1944 6 21 21 2 15
13 1944 7 7 14 36 3
14 1944 7 23 7 55 51
15 1944 8 8 0 18 51
16 1944 8 23 14 46 27
17 1944 9 8 2 55 33
18 1944 9 23 24 1 36
19 1944 10 8 18 8 43
20 1944 10 23 20 55 58
21 1944 11 7 20 54 40
22 1944 11 22 18 7 33
23 1944 12 7 13 27 40
24 1944 12 22 7 14 46
1 1945 1 6 0 34 27
2 1945 1 20 17 53 35
3 1945 2 4 24 19 22
4 1945 2 19 8 14 51
5 1945 3 6 6 38 0
6 1945 3 21 7 37 10
7 1945 4 5 11 51 47
8 1945 4 20 19 6 51
9 1945 5 6 6 36 36
10 1945 5 21 19 40 13
11 1945 6 6 11 5 25
12 1945 6 22 3 52 1
13 1945 7 7 21 26 48
14 1945 7 23 14 45 24
15 1945 8 8 7 5 4
16 1945 8 23 21 35 16
17 1945 9 8 9 38 9
18 1945 9 23 18 49 45
19 1945 10 8 23 49 10
20 1945 10 24 2 43 35
21 1945 11 8 2 34 11
22 1945 11 22 23 55 10
23 1945 12 7 19 7 40
24 1945 12 22 13 3 32
1 1946 1 6 6 16 19
2 1946 1 20 23 44 35
3 1946 2 4 18 3 53
4 1946 2 19 14 8 31
5 1946 3 6 24 24 38
6 1946 3 21 13 32 38
7 1946 4 5 17 38 32
8 1946 4 21 1 2 9
9 1946 5 6 24 21 27
10 1946 5 22 1 33 53
11 1946 6 6 16 48 43
12 1946 6 22 9 44 18
13 1946 7 8 3 10 48
14 1946 7 23 8 37 0
15 1946 8 8 24 51 35
16 1946 8 24 3 26 21
17 1946 9 8 15 27 25
18 1946 9 24 0 40 37
19 1946 10 9 5 40 47
20 1946 10 24 8 34 42
21 1946 11 8 8 27 10
22 1946 11 23 5 46 17
23 1946 12 8 1 0 12
24 1946 12 22 18 53 18
1 1947 1 6 24 6 21
2 1947 1 21 5 31 31
3 1947 2 4 23 50 22
4 1947 2 19 19 51 53
5 1947 3 6 18 7 56
6 1947 3 21 19 12 38
7 1947 4 5 23 20 8
8 1947 4 21 6 39 22
9 1947 5 6 18 2 57
10 1947 5 22 7 9 0
11 1947 6 6 22 31 13
12 1947 6 22 15 18 48
13 1947 7 8 8 55 49
14 1947 7 24 2 14 10
15 1947 8 8 18 40 51
16 1947 8 24 9 8 58
17 1947 9 8 21 21 5
18 1947 9 24 6 28 36
19 1947 10 9 11 37 18
20 1947 10 24 14 25 51
21 1947 11 8 14 24 23
22 1947 11 23 11 37 37
23 1947 12 8 6 56 12
24 1947 12 23 0 42 45
1 1948 1 6 18 0 14
2 1948 1 21 11 18 24
3 1948 2 5 5 42 0
4 1948 2 20 1 36 39
5 1948 3 5 23 57 53
6 1948 3 21 0 56 44
7 1948 4 5 5 9 20
8 1948 4 20 24 24 51
9 1948 5 5 23 52 13
10 1948 5 21 24 57 36
11 1948 6 6 4 20 20
12 1948 6 21 21 10 33
13 1948 7 7 14 43 30
14 1948 7 23 8 7 31
15 1948 8 8 0 26 20
16 1948 8 23 15 2 31
17 1948 9 8 3 5 0
18 1948 9 23 24 21 40
19 1948 10 8 17 20 16
20 1948 10 23 20 17 59
21 1948 11 7 20 6 32
22 1948 11 22 17 28 48
23 1948 12 7 24 37 38
24 1948 12 22 6 33 14
1 1949 1 5 23 41 9
2 1949 1 20 17 8 34
3 1949 2 4 11 22 50
4 1949 2 19 7 27 3
5 1949 3 6 5 39 18
6 1949 3 21 6 48 1
7 1949 4 5 10 51 58
8 1949 4 20 18 17 15
9 1949 5 6 5 36 35
10 1949 5 21 18 50 39
11 1949 6 6 10 6 49
12 1949 6 22 3 2 44
13 1949 7 7 20 31 35
14 1949 7 23 13 56 41
15 1949 8 8 6 14 57
16 1949 8 23 20 48 13
17 1949 9 8 8 54 11
18 1949 9 23 18 5 49
19 1949 10 8 23 11 2
20 1949 10 24 2 2 58
21 1949 11 8 1 59 47
22 1949 11 22 23 16 2
23 1949 12 7 18 33 25
24 1949 12 22 24 22 52
1 1950 1 6 5 38 44
2 1950 1 20 22 59 35
3 1950 2 4 17 20 47
4 1950 2 19 13 17 29
5 1950 3 6 11 35 26
6 1950 3 21 24 35 8
7 1950 4 5 16 44 26
8 1950 4 20 23 59 6
9 1950 5 6 11 24 40
10 1950 5 22 0 27 8
11 1950 6 6 15 50 59
12 1950 6 22 8 36 1
13 1950 7 8 2 13 17
14 1950 7 23 19 29 54
15 1950 8 8 11 55 12
16 1950 8 24 2 23 11
17 1950 9 8 14 33 40
18 1950 9 23 23 43 32
19 1950 10 9 4 51 39
20 1950 10 24 7 44 44
21 1950 11 8 7 43 43
22 1950 11 23 5 2 29
23 1950 12 8 0 21 42
24 1950 12 22 18 13 18
1 1951 1 6 11 30 24
2 1951 1 21 4 52 2
3 1951 2 4 23 13 26
4 1951 2 19 19 9 38
5 1951 3 6 17 26 42
6 1951 3 21 18 25 41
7 1951 4 5 22 32 39
8 1951 4 21 5 48 2
9 1951 5 6 17 9 15
10 1951 5 22 6 15 22
11 1951 6 6 21 32 33
12 1951 6 22 14 24 48
13 1951 7 8 7 53 52
14 1951 7 24 1 20 38
15 1951 8 8 17 37 26
16 1951 8 24 8 16 5
17 1951 9 8 20 18 12
18 1951 9 24 5 36 49
19 1951 10 9 10 36 24
20 1951 10 24 13 36 1
21 1951 11 8 13 26 36
22 1951 11 23 10 51 3
23 1951 12 8 6 2 20
24 1951 12 23 0 0 3
1 1952 1 6 17 9 44
2 1952 1 21 10 38 24
3 1952 2 5 4 52 54
4 1952 2 20 0 56 42
5 1952 3 6 0 7 17
6 1952 3 21 1 13 43
7 1952 4 5 5 15 2
8 1952 4 20 24 36 37
9 1952 5 5 22 54 0
10 1952 5 21 24 3 50
11 1952 6 6 3 20 18
12 1952 6 21 20 12 31
13 1952 7 7 13 44 40
14 1952 7 23 7 7 27
15 1952 8 7 23 30 58
16 1952 8 23 14 2 48
17 1952 9 8 2 13 41
18 1952 9 23 11 23 38
19 1952 10 8 17 32 24
20 1952 10 23 20 22 11
21 1952 11 7 19 21 35
22 1952 11 22 16 35 37
23 1952 12 7 11 55 33
24 1952 12 22 5 43 7
1 1953 1 5 23 2 3
2 1953 1 20 16 21 18
3 1953 2 4 10 45 53
4 1953 2 19 6 41 5
5 1953 3 6 5 2 26
6 1953 3 21 6 0 28
7 1953 4 5 11 12 37
8 1953 4 20 18 25 21
9 1953 5 6 4 52 19
10 1953 5 21 17 52 48
11 1953 6 6 9 16 6
12 1953 6 22 1 59 55
13 1953 7 7 19 34 56
14 1953 7 23 24 52 9
15 1953 8 8 5 14 37
16 1953 8 23 19 45 9
17 1953 9 8 7 52 44
18 1953 9 23 17 5 52
19 1953 10 8 23 10 24
20 1953 10 24 2 6 13
21 1953 11 8 1 0 58
22 1953 11 22 22 22 3
23 1953 12 7 5 37 0
24 1953 12 22 11 31 26
1 1954 1 6 4 45 18
2 1954 1 20 22 11 2
3 1954 2 4 16 30 42
4 1954 2 19 24 32 17
5 1954 3 6 10 48 33
6 1954 3 21 11 53 23
7 1954 4 5 16 59 8
8 1954 4 21 0 19 30
9 1954 5 6 10 38 8
10 1954 5 21 23 47 23
11 1954 6 6 15 0 49
12 1954 6 22 7 54 0
13 1954 7 8 1 19 11
14 1954 7 23 18 44 54
15 1954 8 8 10 59 5
16 1954 8 24 1 35 52
17 1954 9 8 13 37 52
18 1954 9 23 22 55 15
19 1954 10 9 4 57 17
20 1954 10 24 7 56 20
21 1954 11 8 6 50 33
22 1954 11 23 4 14 11
23 1954 12 7 23 28 31
24 1954 12 22 17 24 19
1 1955 1 6 10 35 52
2 1955 1 21 4 1 51
3 1955 2 4 22 17 36
4 1955 2 19 18 18 45
5 1955 3 6 16 30 57
6 1955 3 21 17 35 3
7 1955 4 5 22 38 45
8 1955 4 21 5 57 50
9 1955 5 6 16 17 59
10 1955 5 22 5 24 19
11 1955 6 6 20 43 26
12 1955 6 22 13 31 20
13 1955 7 8 7 5 53
14 1955 7 24 0 24 32
15 1955 8 8 16 50 3
16 1955 8 24 7 18 55
17 1955 9 8 19 31 46
18 1955 9 24 4 40 51
19 1955 10 9 9 52 9
20 1955 10 24 24 43 1
21 1955 11 8 24 45 11
22 1955 11 23 10 0 51
23 1955 12 8 5 22 48
24 1955 12 22 23 10 52
1 1956 1 6 16 30 18
2 1956 1 21 9 48 17
3 1956 2 5 4 11 55
4 1956 2 20 0 4 38
5 1956 3 5 22 24 28
6 1956 3 20 23 20 16
7 1956 4 5 4 31 9
8 1956 4 20 11 43 25
9 1956 5 5 22 9 58
10 1956 5 21 11 12 33
11 1956 6 6 2 35 49
12 1956 6 21 19 23 43
13 1956 7 7 24 58 1
14 1956 7 23 6 19 53
15 1956 8 7 22 40 14
16 1956 8 23 13 14 47
17 1956 9 8 1 18 57
18 1956 9 23 10 35 2
19 1956 10 8 15 35 54
20 1956 10 23 18 34 19
21 1956 11 7 18 25 55
22 1956 11 22 15 49 51
23 1956 12 7 11 2 7
24 1956 12 22 4 59 28
1 1957 1 5 22 10 26
2 1957 1 20 15 38 35
3 1957 2 4 9 54 37
4 1957 2 19 5 57 57
5 1957 3 6 4 10 6
6 1957 3 21 5 16 28
7 1957 4 5 10 18 48
8 1957 4 20 17 41 12
9 1957 5 6 3 58 22
10 1957 5 21 17 10 23
11 1957 6 6 8 24 44
12 1957 6 22 1 20 30
13 1957 7 7 18 48 10
14 1957 7 23 24 14 50
15 1957 8 8 4 32 4
16 1957 8 23 19 7 33
17 1957 9 8 7 12 11
18 1957 9 23 16 26 4
19 1957 10 8 21 29 59
20 1957 10 24 0 24 12
21 1957 11 8 0 20 3
22 1957 11 22 21 39 2
23 1957 12 7 16 55 58
24 1957 12 22 10 48 37
1 1958 1 6 4 4 19
2 1958 1 20 21 28 27
3 1958 2 4 15 49 10
4 1958 2 19 11 48 26
5 1958 3 6 10 4 53
6 1958 3 21 11 5 47
7 1958 4 5 16 12 20
8 1958 4 20 23 26 58
9 1958 5 6 9 49 10
10 1958 5 21 22 51 1
11 1958 6 6 14 12 12
12 1958 6 22 6 56 52
13 1958 7 8 0 33 26
14 1958 7 23 17 50 26
15 1958 8 8 10 17 10
16 1958 8 24 0 45 54
17 1958 9 8 24 58 49
18 1958 9 23 22 8 49
19 1958 10 9 3 19 9
20 1958 10 24 6 11 20
21 1958 11 8 6 11 55
22 1958 11 23 3 29 7
23 1958 12 7 22 49 38
24 1958 12 22 16 39 42
1 1959 1 6 9 58 19
2 1959 1 21 3 18 49
3 1959 2 4 21 42 10
4 1959 2 19 17 37 33
5 1959 3 6 15 56 36
6 1959 3 21 16 54 29
7 1959 4 5 22 3 4
8 1959 4 21 5 16 28
9 1959 5 6 15 38 45
10 1959 5 22 4 42 6
11 1959 6 6 20 0 5
12 1959 6 22 24 49 44
13 1959 7 8 6 19 53
14 1959 7 23 23 45 26
15 1959 8 8 16 4 4
16 1959 8 24 6 43 30
17 1959 9 8 18 47 54
18 1959 9 24 4 8 25
19 1959 10 9 9 9 49
20 1959 10 24 24 11 0
21 1959 11 8 24 2 6
22 1959 11 23 9 26 55
23 1959 12 8 4 37 19
24 1959 12 22 22 34 19
1 1960 1 6 15 42 27
2 1960 1 21 9 10 1
3 1960 2 5 3 23 8
4 1960 2 19 23 26 17
5 1960 3 5 21 36 6
6 1960 3 20 22 42 39
7 1960 4 5 2 43 34
8 1960 4 20 10 5 52
9 1960 5 5 20 22 35
10 1960 5 21 9 33 29
11 1960 6 6 1 48 35
12 1960 6 21 18 42 16
13 1960 7 7 24 12 40
14 1960 7 23 5 37 25
15 1960 8 7 21 59 46
16 1960 8 23 24 34 23
17 1960 9 8 0 45 22
18 1960 9 23 9 58 50
19 1960 10 8 15 8 40
20 1960 10 23 18 1 49
21 1960 11 7 18 2 3
22 1960 11 22 15 18 23
23 1960 12 7 10 37 46
24 1960 12 22 4 25 55
1 1961 1 5 21 42 37
2 1961 1 20 15 1 7
3 1961 2 4 9 22 26
4 1961 2 19 5 16 28
5 1961 3 6 3 34 39
6 1961 3 21 4 32 6
7 1961 4 5 8 42 6
8 1961 4 20 15 55 3
9 1961 5 6 2 21 16
10 1961 5 21 15 22 14
11 1961 6 6 7 46 1
12 1961 6 22 0 30 5
13 1961 7 7 18 6 37
14 1961 7 23 11 23 36
15 1961 8 8 3 48 20
16 1961 8 23 18 18 32
17 1961 9 8 6 29 12
18 1961 9 23 15 42 26
19 1961 10 8 20 50 56
20 1961 10 23 23 47 22
21 1961 11 7 23 46 12
22 1961 11 22 21 7 40
23 1961 12 7 16 25 55
24 1961 12 22 10 19 28
1 1962 1 6 3 34 57
2 1962 1 20 20 57 55
3 1962 2 4 15 17 22
4 1962 2 19 11 14 34
5 1962 3 6 9 29 31
6 1962 3 21 10 29 31
7 1962 4 5 14 34 14
8 1962 4 20 21 50 40
9 1962 5 6 8 9 29
10 1962 5 21 21 16 29
11 1962 6 6 24 31 16
12 1962 6 22 5 24 5
13 1962 7 7 22 51 7
14 1962 7 23 16 17 57
15 1962 8 8 8 33 42
16 1962 8 23 23 12 28
17 1962 9 8 11 15 21
18 1962 9 23 20 35 11
19 1962 10 9 2 37 55
20 1962 10 24 5 39 59
21 1962 11 8 5 34 54
22 1962 11 23 3 1 52
23 1962 12 7 22 16 40
24 1962 12 22 16 15 16
1 1963 1 6 9 26 27
2 1963 1 21 2 53 52
3 1963 2 4 21 7 44
4 1963 2 19 17 8 35
5 1963 3 6 15 17 10
6 1963 3 21 16 19 40
7 1963 4 5 20 18 40
8 1963 4 21 3 36 8
9 1963 5 6 13 51 59
10 1963 5 22 2 58 7
11 1963 6 6 18 14 26
12 1963 6 22 11 4 1
13 1963 7 8 4 37 36
14 1963 7 23 21 59 12
15 1963 8 8 14 25 25
16 1963 8 24 4 57 33
17 1963 9 8 17 11 51
18 1963 9 24 2 23 29
19 1963 10 9 8 36 14
20 1963 10 24 11 28 49
21 1963 11 8 11 32 20
22 1963 11 23 8 49 22
23 1963 12 8 4 12 37
24 1963 12 22 22 1 52
1 1964 1 6 15 22 20
2 1964 1 21 8 41 2
3 1964 2 5 3 4 55
4 1964 2 19 22 57 17
5 1964 3 5 21 16 1
6 1964 3 20 22 9 51
7 1964 4 5 2 18 22
8 1964 4 20 9 27 8
9 1964 5 5 19 51 2
10 1964 5 21 8 49 47
11 1964 6 6 0 11 44
12 1964 6 21 16 56 48
13 1964 7 7 10 32 8
14 1964 7 23 3 52 43
15 1964 8 7 20 16 10
16 1964 8 23 10 51 1
17 1964 9 7 22 59 28
18 1964 9 23 8 16 38
19 1964 10 8 14 21 33
20 1964 10 23 17 20 40
21 1964 11 7 17 15 8
22 1964 11 22 14 38 54
23 1964 12 7 9 53 4
24 1964 12 22 3 49 31
1 1965 1 5 21 1 58
2 1965 1 20 14 28 51
3 1965 2 4 8 46 6
4 1965 2 19 4 47 49
5 1965 3 6 3 0 39
6 1965 3 21 4 4 45
7 1965 4 5 8 6 43
8 1965 4 20 15 26 3
9 1965 5 6 1 41 31
10 1965 5 21 14 50 13
11 1965 6 6 6 2 6
12 1965 6 21 22 55 40
13 1965 7 7 16 21 22
14 1965 7 23 9 48 10
15 1965 8 8 2 4 36
16 1965 8 23 16 42 43
17 1965 9 8 4 47 50
18 1965 9 23 2 6 0
19 1965 10 8 20 11 9
20 1965 10 23 23 9 57
21 1965 11 7 23 6 33
22 1965 11 22 20 29 11
23 1965 12 7 15 45 33
24 1965 12 22 9 40 26
1 1966 1 6 2 54 22
2 1966 1 20 20 19 39
3 1966 2 4 14 37 50
4 1966 2 19 10 37 49
5 1966 3 6 8 51 22
6 1966 3 21 9 52 54
7 1966 4 5 13 56 28
8 1966 4 20 21 11 29
9 1966 5 6 7 30 27
10 1966 5 21 20 32 1
11 1966 6 6 11 49 38
12 1966 6 22 4 33 22
13 1966 7 7 22 7 0
14 1966 7 23 15 23 12
15 1966 8 8 7 48 58
16 1966 8 23 22 17 42
17 1966 9 8 10 32 4
18 1966 9 23 19 43 9
19 1966 10 9 1 56 46
20 1966 10 24 4 50 45
21 1966 11 8 4 55 17
22 1966 11 23 2 14 5
23 1966 12 7 21 37 47
24 1966 12 22 15 28 10
1 1967 1 6 8 48 19
2 1967 1 21 2 7 32
3 1967 2 4 20 30 50
4 1967 2 19 16 23 41
5 1967 3 6 14 41 53
6 1967 3 21 15 36 47
7 1967 4 5 19 44 41
8 1967 4 21 2 55 6
9 1967 5 6 13 17 25
10 1967 5 22 2 17 51
11 1967 6 6 17 36 18
12 1967 6 22 10 22 50
13 1967 7 8 3 53 20
14 1967 7 23 21 15 51
15 1967 8 8 13 34 52
16 1967 8 24 4 12 25
17 1967 9 8 16 17 44
18 1967 9 24 1 38 2
19 1967 10 9 7 41 10
20 1967 10 24 10 43 47
21 1967 11 8 10 37 23
22 1967 11 23 8 4 28
23 1967 12 8 3 17 28
24 1967 12 22 21 16 18
1 1968 1 6 14 26 10
2 1968 1 21 7 54 5
3 1968 2 5 2 7 25
4 1968 2 19 22 9 12
5 1968 3 5 20 17 45
6 1968 3 20 9 22 0
7 1968 4 5 1 20 54
8 1968 4 20 8 41 8
9 1968 5 5 18 55 48
10 1968 5 21 8 5 51
11 1968 6 5 23 19 6
12 1968 6 21 16 13 16
13 1968 7 7 9 41 38
14 1968 7 23 3 7 24
15 1968 8 7 19 27 12
16 1968 8 23 10 2 53
17 1968 9 7 22 11 25
18 1968 9 23 7 26 10
19 1968 10 8 13 34 25
20 1968 10 23 16 29 34
21 1968 11 7 16 29 18
22 1968 11 22 13 48 32
23 1968 12 7 9 8 16
24 1968 12 22 2 59 45
1 1969 1 5 20 16 49
2 1969 1 20 13 38 11
3 1969 2 4 7 58 53
4 1969 2 19 3 54 30
5 1969 3 6 2 10 34
6 1969 3 21 3 8 6
7 1969 4 5 7 14 50
8 1969 4 20 14 26 53
9 1969 5 6 0 49 47
10 1969 5 21 13 49 44
11 1969 6 6 5 11 30
12 1969 6 21 21 55 2
13 1969 7 7 15 31 31
14 1969 7 23 8 48 10
15 1969 8 8 1 14 6
16 1969 8 23 15 43 22
17 1969 9 8 3 55 26
18 1969 9 23 13 6 53
19 1969 10 8 19 16 40
20 1969 10 23 22 11 3
21 1969 11 7 22 11 21
22 1969 11 22 19 31 5
23 1969 12 7 14 51 20
24 1969 12 22 8 43 42
1 1970 1 6 2 1 42
2 1970 1 20 19 23 49
3 1970 2 4 13 45 44
4 1970 2 19 9 41 47
5 1970 3 6 7 58 29
6 1970 3 21 8 56 19
7 1970 4 5 13 1 44
8 1970 4 20 20 14 54
9 1970 5 6 6 33 47
10 1970 5 21 19 37 19
11 1970 6 6 10 52 14
12 1970 6 22 3 42 39
13 1970 7 7 21 10 33
14 1970 7 23 14 36 52
15 1970 8 8 6 54 7
16 1970 8 23 21 33 53
17 1970 9 8 9 37 54
18 1970 9 23 18 58 57
19 1970 10 9 1 1 33
20 1970 10 24 4 4 12
21 1970 11 8 3 57 43
22 1970 11 23 1 24 32
23 1970 12 7 20 37 19
24 1970 12 22 14 35 41
1 1971 1 6 7 45 5
2 1971 1 21 1 12 40
3 1971 2 4 19 25 25
4 1971 2 19 15 26 56
5 1971 3 6 13 34 43
6 1971 3 21 14 38 7
7 1971 4 5 18 35 59
8 1971 4 21 1 54 12
9 1971 5 6 24 8 7
10 1971 5 22 1 14 59
11 1971 6 6 16 28 52
12 1971 6 22 9 19 35
13 1971 7 8 2 51 8
14 1971 7 23 20 14 44
15 1971 8 8 24 40 13
16 1971 8 24 3 15 16
17 1971 9 8 15 30 11
18 1971 9 24 0 44 54
19 1971 10 9 6 58 33
20 1971 10 24 9 53 9
21 1971 11 8 9 56 36
22 1971 11 23 7 13 59
23 1971 12 8 2 35 43
24 1971 12 22 20 23 54
1 1972 1 6 13 41 50
2 1972 1 21 6 58 59
3 1972 2 5 1 20 13
4 1972 2 19 21 11 23
5 1972 3 5 19 28 4
6 1972 3 20 20 21 23
7 1972 4 5 0 28 51
8 1972 4 20 7 37 27
9 1972 5 5 18 1 10
10 1972 5 21 6 59 28
11 1972 6 5 22 21 58
12 1972 6 21 15 6 10
13 1972 7 7 8 42 55
14 1972 7 23 2 2 31
15 1972 8 7 18 28 30
16 1972 8 23 9 3 1
17 1972 9 7 21 15 7
18 1972 9 23 6 32 44
19 1972 10 8 24 41 47
20 1972 10 23 15 41 29
21 1972 11 7 15 39 25
22 1972 11 22 13 2 43
23 1972 12 7 8 18 44
24 1972 12 22 2 12 55
1 1973 1 5 19 25 19
2 1973 1 20 24 48 11
3 1973 2 4 7 4 11
4 1973 2 19 3 1 8
5 1973 3 6 1 12 35
6 1973 3 21 2 12 26
7 1973 4 5 6 13 52
8 1973 4 20 13 30 22
9 1973 5 5 23 46 23
10 1973 5 21 24 53 51
11 1973 6 6 4 6 51
12 1973 6 21 21 0 35
13 1973 7 7 14 27 22
14 1973 7 23 7 55 33
15 1973 8 8 0 12 48
16 1973 8 23 14 53 29
17 1973 9 8 2 59 23
18 1973 9 23 24 21 8
19 1973 10 8 18 27 16
20 1973 10 23 21 30 11
21 1973 11 7 21 27 39
22 1973 11 22 18 54 2
23 1973 12 7 14 10 25
24 1973 12 22 8 7 43
1 1974 1 6 1 19 56
2 1974 1 20 18 45 40
3 1974 2 4 13 0 6
4 1974 2 19 8 58 40
5 1974 3 6 7 7 6
6 1974 3 21 8 6 37
7 1974 4 5 1 5 0
8 1974 4 20 20 18 50
9 1974 5 6 6 33 53
10 1974 5 21 19 36 3
11 1974 6 6 10 51 41
12 1974 6 22 3 37 36
13 1974 7 7 21 11 7
14 1974 7 23 14 30 11
15 1974 8 8 6 57 11
16 1974 8 23 21 28 41
17 1974 9 8 9 45 4
18 1974 9 23 18 58 25
19 1974 10 9 0 14 39
20 1974 10 24 3 10 37
21 1974 11 8 3 17 58
22 1974 11 23 0 38 27
23 1974 12 7 20 4 37
24 1974 12 22 13 55 57
1 1975 1 6 7 17 30
2 1975 1 21 0 36 16
3 1975 2 4 18 59 11
4 1975 2 19 14 49 42
5 1975 3 6 13 5 47
6 1975 3 21 13 56 41
7 1975 4 5 19 1 29
8 1975 4 21 2 7 13
9 1975 5 6 24 27 12
10 1975 5 22 1 23 41
11 1975 6 6 16 42 2
12 1975 6 22 9 26 27
13 1975 7 8 2 59 25
14 1975 7 23 20 21 45
15 1975 8 8 24 44 54
16 1975 8 24 3 23 38
17 1975 9 8 15 33 17
18 1975 9 24 0 55 12
19 1975 10 9 6 2 4
20 1975 10 24 9 6 2
21 1975 11 8 9 2 37
22 1975 11 23 6 30 43
23 1975 12 8 1 46 11
24 1975 12 22 19 45 34
1 1976 1 6 24 57 22
2 1976 1 21 6 25 6
3 1976 2 5 0 39 29
4 1976 2 19 20 39 54
5 1976 3 5 18 48 7
6 1976 3 20 19 49 36
7 1976 4 4 23 46 29
8 1976 4 20 7 2 57
9 1976 5 5 17 14 26
10 1976 5 21 6 21 6
11 1976 6 5 21 31 14
12 1976 6 21 14 24 12
13 1976 7 7 7 50 51
14 1976 7 23 1 18 26
15 1976 8 7 17 38 23
16 1976 8 23 8 18 16
17 1976 9 7 20 28 12
18 1976 9 23 5 48 12
19 1976 10 8 11 58 3
20 1976 10 23 14 58 2
21 1976 11 7 14 58 36
22 1976 11 22 24 21 31
23 1976 12 7 7 40 58
24 1976 12 22 1 35 8
1 1977 1 5 18 51 4
2 1977 1 20 24 14 26
3 1977 2 4 6 33 25
4 1977 2 19 2 30 27
5 1977 3 6 0 44 8
6 1977 3 21 1 42 17
7 1977 4 5 5 45 45
8 1977 4 20 24 57 13
9 1977 5 5 23 16 1
10 1977 5 21 24 14 22
11 1977 6 6 3 32 2
12 1977 6 21 20 13 45
13 1977 7 7 13 47 54
14 1977 7 23 7 3 38
15 1977 8 7 23 30 15
16 1977 8 23 14 0 15
17 1977 9 8 2 15 42
18 1977 9 23 11 29 16
19 1977 10 8 17 43 57
20 1977 10 23 20 40 40
21 1977 11 7 20 45 50
22 1977 11 22 18 7 2
23 1977 12 7 13 30 51
24 1977 12 22 7 23 9
1 1978 1 6 0 43 13
2 1978 1 20 18 3 59
3 1978 2 4 24 26 58
4 1978 2 19 8 20 57
5 1978 3 6 6 38 12
6 1978 3 21 7 33 34
7 1978 4 5 11 39 21
8 1978 4 20 18 49 33
9 1978 5 6 5 8 33
10 1978 5 21 18 8 27
11 1978 6 6 9 23 6
12 1978 6 22 2 9 33
13 1978 7 7 19 36 58
14 1978 7 23 13 0 16
15 1978 8 8 5 17 41
16 1978 8 23 19 56 48
17 1978 9 8 8 2 24
18 1978 9 23 17 25 25
19 1978 10 8 23 30 56
20 1978 10 24 2 37 11
21 1978 11 8 2 34 3
22 1978 11 23 0 4 38
23 1978 12 7 19 20 4
24 1978 12 22 13 20 58
1 1979 1 6 6 31 34
2 1979 1 20 23 59 55
3 1979 2 4 18 12 19
4 1979 2 19 14 13 14
5 1979 3 6 24 19 37
6 1979 3 21 13 21 55
7 1979 4 5 17 17 57
8 1979 4 21 0 35 23
9 1979 5 6 10 47 11
10 1979 5 21 23 53 52
11 1979 6 6 15 5 12
12 1979 6 22 7 56 10
13 1979 7 8 1 24 37
14 1979 7 23 18 48 33
15 1979 8 8 11 10 54
16 1979 8 24 1 46 44
17 1979 9 8 13 59 46
18 1979 9 23 23 16 24
19 1979 10 9 5 30 4
20 1979 10 24 8 27 50
21 1979 11 8 8 32 49
22 1979 11 23 5 54 6
23 1979 12 8 1 17 49
24 1979 12 22 19 9 47
1 1980 1 6 24 28 54
2 1980 1 21 5 48 37
3 1980 2 5 0 9 28
4 1980 2 19 20 1 39
5 1980 3 5 18 16 30
6 1980 3 20 19 9 42
7 1980 4 4 23 14 43
8 1980 4 20 6 22 42
9 1980 5 5 16 44 29
10 1980 5 21 5 42 4
11 1980 6 5 21 3 46
12 1980 6 21 13 47 2
13 1980 7 7 8 23 58
14 1980 7 23 1 41 59
15 1980 8 7 18 8 33
16 1980 8 23 8 40 40
17 1980 9 7 20 53 29
18 1980 9 23 6 8 42
19 1980 10 8 11 19 17
20 1980 10 23 14 17 32
21 1980 11 7 14 18 15
22 1980 11 22 11 41 26
23 1980 12 7 7 1 17
24 1980 12 22 0 56 6
1 1981 1 5 18 12 39
2 1981 1 20 11 35 58
3 1981 2 4 5 55 24
4 1981 2 19 1 51 39
5 1981 3 6 0 5 9
6 1981 3 21 1 2 51
7 1981 4 5 5 5 2
8 1981 4 20 24 18 33
9 1981 5 5 22 34 48
10 1981 5 21 11 39 25
11 1981 6 6 2 52 40
12 1981 6 21 19 44 41
13 1981 7 7 13 11 52
14 1981 7 23 6 39 43
15 1981 8 7 22 57 10
16 1981 8 23 13 38 11
17 1981 9 8 1 43 14
18 1981 9 23 11 5 12
19 1981 10 8 17 9 34
20 1981 10 23 20 12 52
21 1981 11 7 20 8 32
22 1981 11 22 17 35 59
23 1981 12 7 24 51 16
24 1981 12 22 6 50 34
1 1982 1 6 0 2 34
2 1982 1 20 17 30 53
3 1982 2 4 11 45 29
4 1982 2 19 7 46 32
5 1982 3 6 5 54 35
6 1982 3 21 6 55 50
7 1982 4 5 10 52 42
8 1982 4 20 18 7 28
9 1982 5 6 4 20 1
10 1982 5 21 17 22 54
11 1982 6 6 8 35 54
12 1982 6 22 1 23 0
13 1982 7 7 18 54 35
14 1982 7 23 24 15 24
15 1982 8 8 4 41 46
16 1982 8 23 19 15 15
17 1982 9 8 7 31 44
18 1982 9 23 16 46 12
19 1982 10 8 23 2 10
20 1982 10 24 1 57 47
21 1982 11 8 2 4 7
22 1982 11 22 23 23 19
23 1982 12 7 18 48 6
24 1982 12 22 24 38 9
1 1983 1 6 5 58 43
2 1983 1 20 23 16 56
3 1983 2 4 17 39 42
4 1983 2 19 13 30 34
5 1983 3 6 11 47 12
6 1983 3 21 24 38 46
7 1983 4 5 16 44 22
8 1983 4 20 23 50 9
9 1983 5 6 10 10 51
10 1983 5 21 23 6 26
11 1983 6 6 14 25 43
12 1983 6 22 7 8 40
13 1983 7 8 0 43 15
14 1983 7 23 18 4 7
15 1983 8 8 10 29 39
16 1983 8 24 1 7 29
17 1983 9 8 13 20 3
18 1983 9 23 22 41 37
19 1983 10 9 4 51 5
20 1983 10 24 7 54 18
21 1983 11 8 7 52 13
22 1983 11 23 5 18 21
23 1983 12 8 0 33 41
24 1983 12 22 18 29 56
1 1984 1 6 11 40 53
2 1984 1 21 5 5 3
3 1984 2 4 23 18 46
4 1984 2 19 19 16 13
5 1984 3 5 17 24 41
6 1984 3 20 18 24 21
7 1984 4 4 22 22 21
8 1984 4 20 5 38 5
9 1984 5 5 15 50 58
10 1984 5 21 4 57 35
11 1984 6 5 20 8 38
12 1984 6 21 13 2 14
13 1984 7 7 6 29 8
14 1984 7 22 23 58 14
15 1984 8 7 16 17 54
16 1984 8 23 7 0 12
17 1984 9 7 19 9 50
18 1984 9 23 4 32 54
19 1984 10 8 10 42 35
20 1984 10 23 13 45 39
21 1984 11 7 13 45 33
22 1984 11 22 11 10 39
23 1984 12 7 6 28 4
24 1984 12 22 0 22 50
1 1985 1 5 17 35 6
2 1985 1 20 10 57 33
3 1985 2 4 5 11 48
4 1985 2 19 1 7 24
5 1985 3 5 23 16 23
6 1985 3 21 0 13 45
7 1985 4 5 4 13 35
8 1985 4 20 11 25 48
9 1985 5 5 21 42 33
10 1985 5 21 10 42 56
11 1985 6 6 1 59 57
12 1985 6 21 18 44 9
13 1985 7 7 24 18 37
14 1985 7 23 5 36 27
15 1985 8 7 22 4 18
16 1985 8 23 24 35 41
17 1985 9 8 0 53 2
18 1985 9 23 10 7 28
19 1985 10 8 16 24 35
20 1985 10 23 19 21 52
21 1985 11 7 19 29 30
22 1985 11 22 16 50 47
23 1985 12 7 24 16 21
24 1985 12 22 6 7 41
1 1986 1 5 23 28 3
2 1986 1 20 16 46 12
3 1986 2 4 11 7 43
4 1986 2 19 6 57 32
5 1986 3 6 5 12 8
6 1986 3 21 6 2 42
7 1986 4 5 10 6 7
8 1986 4 20 17 12 9
9 1986 5 6 3 30 36
10 1986 5 21 16 27 56
11 1986 6 6 7 44 24
12 1986 6 22 0 29 58
13 1986 7 7 18 0 47
14 1986 7 23 11 24 23
15 1986 8 8 3 45 37
16 1986 8 23 18 25 48
17 1986 9 8 6 34 38
18 1986 9 23 15 58 53
19 1986 10 8 22 6 45
20 1986 10 24 1 14 12
21 1986 11 8 1 12 50
22 1986 11 22 22 44 22
23 1986 12 7 18 0 58
24 1986 12 22 24 2 9
1 1987 1 6 5 13 1
2 1987 1 20 22 40 24
3 1987 2 4 16 51 41
4 1987 2 19 24 49 57
5 1987 3 6 10 53 37
6 1987 3 21 11 51 59
7 1987 4 5 15 44 8
8 1987 4 20 22 57 33
9 1987 5 6 9 5 35
10 1987 5 21 22 10 2
11 1987 6 6 13 18 59
12 1987 6 22 6 10 45
13 1987 7 7 23 38 40
14 1987 7 23 17 6 4
15 1987 8 8 9 29 15
16 1987 8 24 0 9 52
17 1987 9 8 24 24 8
18 1987 9 23 21 45 17
19 1987 10 9 3 59 41
20 1987 10 24 7 0 53
21 1987 11 8 7 5 41
22 1987 11 23 4 29 24
23 1987 12 7 23 52 14
24 1987 12 22 17 45 54
1 1988 1 6 11 3 30
2 1988 1 21 4 24 18
3 1988 2 4 22 42 50
4 1988 2 19 18 35 8
5 1988 3 5 16 46 34
6 1988 3 20 17 38 37
7 1988 4 4 21 39 5
8 1988 4 20 4 44 47
9 1988 5 5 15 1 45
10 1988 5 21 3 56 41
11 1988 6 5 19 14 54
12 1988 6 21 11 56 32
13 1988 7 7 5 32 55
14 1988 7 22 22 51 7
15 1988 8 7 15 20 16
16 1988 8 23 5 54 4
17 1988 9 7 18 11 32
18 1988 9 23 3 28 51
19 1988 10 8 9 44 30
20 1988 10 23 24 44 6
21 1988 11 7 24 48 55
22 1988 11 22 10 11 59
23 1988 12 7 5 34 30
24 1988 12 21 23 27 54
1 1989 1 5 16 45 56
2 1989 1 20 10 6 59
3 1989 2 4 4 27 11
4 1989 2 19 0 20 30
5 1989 3 5 22 34 10
6 1989 3 20 23 28 16
7 1989 4 5 3 29 55
8 1989 4 20 10 38 55
9 1989 5 5 20 53 56
10 1989 5 21 9 53 33
11 1989 6 6 1 5 15
12 1989 6 21 17 53 2
13 1989 7 7 11 19 27
14 1989 7 23 4 45 30
15 1989 8 7 21 3 54
16 1989 8 23 11 46 13
17 1989 9 7 23 53 55
18 1989 9 23 9 19 37
19 1989 10 8 15 27 21
20 1989 10 23 18 35 8
21 1989 11 7 18 33 33
22 1989 11 22 16 4 38
23 1989 12 7 11 20 59
24 1989 12 22 5 22 2
1 1990 1 5 22 33 14
2 1990 1 20 16 1 34
3 1990 2 4 10 14 1
4 1990 2 19 6 14 3
5 1990 3 6 4 19 17
6 1990 3 21 5 19 16
7 1990 4 5 9 12 56
8 1990 4 20 16 26 32
9 1990 5 6 2 35 26
10 1990 5 21 15 37 24
11 1990 6 6 6 46 19
12 1990 6 21 23 32 49
13 1990 7 7 17 0 30
14 1990 7 23 10 21 31
15 1990 8 8 2 45 33
16 1990 8 23 17 20 51
17 1990 9 8 5 37 29
18 1990 9 23 14 55 30
19 1990 10 8 21 13 48
20 1990 10 24 0 13 57
21 1990 11 8 0 23 30
22 1990 11 22 21 46 57
23 1990 12 7 17 14 11
24 1990 12 22 11 7 0
1 1991 1 6 4 28 8
2 1991 1 20 21 47 6
3 1991 2 4 16 8 25
4 1991 2 19 11 58 19
5 1991 3 6 10 12 16
6 1991 3 21 11 1 57
7 1991 4 5 15 4 42
8 1991 4 20 22 8 22
9 1991 5 6 8 26 54
10 1991 5 21 21 20 16
11 1991 6 6 24 38 19
12 1991 6 22 5 18 47
13 1991 7 7 22 53 2
14 1991 7 23 16 11 8
15 1991 8 8 8 37 17
16 1991 8 23 23 12 51
17 1991 9 8 11 27 22
18 1991 9 23 20 48 5
19 1991 10 9 3 1 8
20 1991 10 24 6 5 11
21 1991 11 8 6 7 52
22 1991 11 23 3 35 46
23 1991 12 7 22 56 2
24 1991 12 22 16 53 40
1 1992 1 6 10 8 32
2 1992 1 21 3 32 29
3 1992 2 4 21 48 16
4 1992 2 19 17 43 29
5 1992 3 5 15 52 7
6 1992 3 20 16 48 3
7 1992 4 4 20 45 8
8 1992 4 20 3 56 54
9 1992 5 5 14 8 40
10 1992 5 21 3 12 9
11 1992 6 5 18 22 21
12 1992 6 21 11 14 10
13 1992 7 7 4 40 16
14 1992 7 22 22 8 51
15 1992 8 7 14 27 23
16 1992 8 23 5 10 7
17 1992 9 7 17 18 19
18 1992 9 23 2 42 48
19 1992 10 8 8 51 28
20 1992 10 23 11 57 9
21 1992 11 7 11 57 2
22 1992 11 22 9 25 52
23 1992 12 7 4 44 14
24 1992 12 21 22 43 15
1 1993 1 5 15 56 32
2 1993 1 20 9 22 49
3 1993 2 4 3 37 9
4 1993 2 18 23 35 9
5 1993 3 5 21 42 32
6 1993 3 20 22 40 39
7 1993 4 5 2 37 11
8 1993 4 20 9 49 0
9 1993 5 5 20 1 43
10 1993 5 21 9 1 44
11 1993 6 6 0 15 14
12 1993 6 21 16 59 44
13 1993 7 7 10 32 4
14 1993 7 23 3 50 50
15 1993 8 7 20 17 59
16 1993 8 23 10 50 18
17 1993 9 7 23 7 48
18 1993 9 23 8 22 29
19 1993 10 8 14 40 3
20 1993 10 23 17 37 9
21 1993 11 7 17 45 34
22 1993 11 22 15 6 52
23 1993 12 7 10 33 51
24 1993 12 22 4 25 49
1 1994 1 5 21 48 8
2 1994 1 20 15 7 24
3 1994 2 4 9 30 56
4 1994 2 19 5 21 38
5 1994 3 6 3 37 40
6 1994 3 21 4 28 1
7 1994 4 5 8 31 48
8 1994 4 20 3 36 0
9 1994 5 6 1 54 5
10 1994 5 21 14 48 28
11 1994 6 6 6 4 53
12 1994 6 21 22 47 33
13 1994 7 7 16 19 22
14 1994 7 23 9 41 1
15 1994 8 8 2 4 23
16 1994 8 23 16 43 46
17 1994 9 8 4 55 8
18 1994 9 23 14 19 14
19 1994 10 8 20 29 5
20 1994 10 23 23 36 3
21 1994 11 7 23 35 38
22 1994 11 22 9 6 0
23 1994 12 7 16 22 54
24 1994 12 22 10 22 45
1 1995 1 6 3 34 6
2 1995 1 20 21 0 27
3 1995 2 4 15 12 51
4 1995 2 19 11 10 43
5 1995 3 6 9 16 4
6 1995 3 21 10 14 25
7 1995 4 5 14 8 7
8 1995 4 20 21 21 28
9 1995 5 6 7 30 4
10 1995 5 21 20 34 12
11 1995 6 6 11 42 29
12 1995 6 22 4 34 23
13 1995 7 7 22 1 1
14 1995 7 23 15 29 41
15 1995 8 8 7 51 45
16 1995 8 23 22 34 51
17 1995 9 8 10 48 36
18 1995 9 23 8 13 0
19 1995 10 9 2 27 13
20 1995 10 24 5 31 32
21 1995 11 8 5 35 38
22 1995 11 23 3 1 25
23 1995 12 7 22 22 16
24 1995 12 22 16 16 49
1 1996 1 6 9 31 26
2 1996 1 21 2 52 31
3 1996 2 4 21 7 52
4 1996 2 19 17 0 44
5 1996 3 5 15 9 38
6 1996 3 20 16 3 4
7 1996 4 4 8 2 0
8 1996 4 20 3 9 54
9 1996 5 5 1 26 0
10 1996 5 21 2 23 6
11 1996 6 5 17 40 48
12 1996 6 21 10 23 44
13 1996 7 7 4 0 0
14 1996 7 22 21 18 43
15 1996 8 7 13 48 49
16 1996 8 23 4 22 49
17 1996 9 7 16 42 25
18 1996 9 23 2 0 7
19 1996 10 8 8 18 42
20 1996 10 23 11 18 42
21 1996 11 7 11 26 34
22 1996 11 22 8 49 27
23 1996 12 7 4 14 1
24 1996 12 21 22 5 55
1 1997 1 5 15 24 29
2 1997 1 20 8 42 31
3 1997 2 4 3 1 58
4 1997 2 18 22 51 29
5 1997 3 5 21 4 8
6 1997 3 20 21 54 39
7 1997 4 5 1 56 16
8 1997 4 20 9 2 50
9 1997 5 5 19 19 28
10 1997 5 21 8 17 53
11 1997 6 5 23 32 33
12 1997 6 21 16 19 56
13 1997 7 7 9 49 24
14 1997 7 23 3 15 26
15 1997 8 7 19 36 19
16 1997 8 23 10 19 12
17 1997 9 7 22 28 50
18 1997 9 23 7 55 48
19 1997 10 8 14 5 11
20 1997 10 23 17 14 47
21 1997 11 7 17 14 39
22 1997 11 22 14 47 35
23 1997 12 7 10 4 53
24 1997 12 22 4 7 3
1 1998 1 5 21 18 9
2 1998 1 20 14 46 5
3 1998 2 4 8 56 51
4 1998 2 19 4 54 52
5 1998 3 6 2 57 15
6 1998 3 21 3 54 32
7 1998 4 5 7 44 57
8 1998 4 20 14 56 44
9 1998 5 6 1 3 10
10 1998 5 21 14 5 27
11 1998 6 6 5 13 24
12 1998 6 21 22 2 35
13 1998 7 7 15 30 26
14 1998 7 23 8 55 24
15 1998 8 8 1 19 50
16 1998 8 23 15 58 58
17 1998 9 8 4 15 56
18 1998 9 23 13 37 12
19 1998 10 8 19 55 45
20 1998 10 23 22 58 36
21 1998 11 7 23 8 23
22 1998 11 22 20 34 15
23 1998 12 7 16 1 36
24 1998 12 22 9 56 28
1 1999 1 6 3 17 10
2 1999 1 20 20 37 22
3 1999 2 4 14 57 3
4 1999 2 19 10 46 51
5 1999 3 6 8 57 42
6 1999 3 21 9 45 50
7 1999 4 5 13 44 38
8 1999 4 20 20 46 1
9 1999 5 6 7 1 1
10 1999 5 21 19 52 27
11 1999 6 6 11 9 8
12 1999 6 22 3 49 7
13 1999 7 7 21 24 59
14 1999 7 23 14 44 7
15 1999 8 8 7 14 8
16 1999 8 23 21 51 5
17 1999 9 8 10 10 0
18 1999 9 23 19 31 31
19 1999 10 9 1 48 24
20 1999 10 24 4 52 15
21 1999 11 8 4 57 53
22 1999 11 23 2 24 51
23 1999 12 7 21 47 30
24 1999 12 22 15 43 49
1 2000 1 6 9 0 43
2 2000 1 21 2 23 3
3 2000 2 4 20 40 24
4 2000 2 19 16 33 18
5 2000 3 5 14 42 40
6 2000 3 20 15 35 16
7 2000 4 4 19 31 58
8 2000 4 20 2 39 32
9 2000 5 5 24 50 11
10 2000 5 21 1 49 25
11 2000 6 5 16 58 34
12 2000 6 21 9 47 44
13 2000 7 7 3 13 57
14 2000 7 22 20 42 42
15 2000 8 7 13 3 1
16 2000 8 23 3 48 32
17 2000 9 7 15 59 10
18 2000 9 23 1 27 37
19 2000 10 8 7 38 14
20 2000 10 23 10 47 29
21 2000 11 7 10 48 5
22 2000 11 22 8 19 21
23 2000 12 7 3 37 3
24 2000 12 21 21 37 26
1 2001 1 5 14 49 17
2 2001 1 20 8 16 18
3 2001 2 4 2 28 50
4 2001 2 18 22 27 17
5 2001 3 5 20 32 30
6 2001 3 20 21 30 44
7 2001 4 5 1 24 24
8 2001 4 20 8 35 53
9 2001 5 5 18 44 51
10 2001 5 21 7 44 12
11 2001 6 5 22 53 36
12 2001 6 21 15 37 44
13 2001 7 7 9 6 42
14 2001 7 23 2 26 15
15 2001 8 7 18 52 22
16 2001 8 23 9 27 9
17 2001 9 7 21 46 11
18 2001 9 23 7 4 30
19 2001 10 8 13 25 3
20 2001 10 23 16 25 37
21 2001 11 7 16 36 54
22 2001 11 22 14 0 29
23 2001 12 7 9 28 53
24 2001 12 22 3 21 31
1 2002 1 5 20 43 32
2 2002 1 20 14 2 2
3 2002 2 4 8 24 6
4 2002 2 19 4 13 20
5 2002 3 6 2 27 33
6 2002 3 21 3 16 9
7 2002 4 5 7 18 17
8 2002 4 20 14 20 30
9 2002 5 6 0 37 18
10 2002 5 21 13 29 6
11 2002 6 6 4 44 48
12 2002 6 21 21 24 25
13 2002 7 7 14 56 13
14 2002 7 23 8 14 53
15 2002 8 8 0 39 20
16 2002 8 23 15 16 59
17 2002 9 8 3 31 4
18 2002 9 23 24 55 24
19 2002 10 8 19 9 19
20 2002 10 23 22 17 51
21 2002 11 7 22 21 49
22 2002 11 22 19 53 45
23 2002 12 7 15 14 14
24 2002 12 22 9 14 23
1 2003 1 6 2 27 44
2 2003 1 20 19 52 36
3 2003 2 4 14 5 20
4 2003 2 19 10 0 13
5 2003 3 6 8 4 53
6 2003 3 21 8 59 47
7 2003 4 5 24 52 30
8 2003 4 20 20 2 46
9 2003 5 6 6 10 31
10 2003 5 21 19 12 24
11 2003 6 6 10 19 45
12 2003 6 22 3 10 28
13 2003 7 7 20 35 41
14 2003 7 23 14 4 10
15 2003 8 8 6 24 19
16 2003 8 23 21 8 11
17 2003 9 8 9 20 15
18 2003 9 23 18 46 50
19 2003 10 9 1 0 34
20 2003 10 24 4 8 28
21 2003 11 8 4 13 13
22 2003 11 23 1 43 23
23 2003 12 7 21 5 10
24 2003 12 22 15 3 49
1 2004 1 6 8 18 32
2 2004 1 21 1 42 24
3 2004 2 4 19 56 13
4 2004 2 19 15 50 1
5 2004 3 5 13 55 38
6 2004 3 20 14 48 38
7 2004 4 4 18 43 19
8 2004 4 20 1 50 26
9 2004 5 5 24 2 27
10 2004 5 21 0 59 12
11 2004 6 5 16 13 45
12 2004 6 21 8 56 52
13 2004 7 7 2 31 16
14 2004 7 22 19 50 11
15 2004 8 7 24 19 37
16 2004 8 23 2 53 17
17 2004 9 7 15 12 55
18 2004 9 23 0 29 50
19 2004 10 8 6 49 19
20 2004 10 23 9 48 50
21 2004 11 7 9 58 34
22 2004 11 22 7 21 41
23 2004 12 7 2 48 59
24 2004 12 21 20 41 37
1 2005 1 5 14 3 1
2 2005 1 20 7 21 33
3 2005 2 4 1 43 3
4 2005 2 18 21 31 56
5 2005 3 5 19 45 11
6 2005 3 20 20 33 26
7 2005 4 5 0 34 17
8 2005 4 20 7 37 15
9 2005 5 5 17 52 51
10 2005 5 21 6 47 24
11 2005 6 5 22 1 53
12 2005 6 21 14 46 8
13 2005 7 7 8 16 34
14 2005 7 23 1 40 42
15 2005 8 7 18 3 23
16 2005 8 23 8 45 28
17 2005 9 7 20 56 40
18 2005 9 23 6 23 10
19 2005 10 8 24 33 20
20 2005 10 23 15 42 21
21 2005 11 7 15 42 28
22 2005 11 22 13 14 59
23 2005 12 7 8 32 42
24 2005 12 22 2 34 57
1 2006 1 5 19 46 59
2 2006 1 20 13 15 19
3 2006 2 4 7 27 17
4 2006 2 19 3 25 36
5 2006 3 6 1 28 40
6 2006 3 21 2 25 34
7 2006 4 5 6 15 29
8 2006 4 20 13 26 5
9 2006 5 5 23 30 39
10 2006 5 21 24 31 34
11 2006 6 6 3 36 59
12 2006 6 21 20 25 52
13 2006 7 7 13 51 29
14 2006 7 23 7 17 42
15 2006 8 7 23 40 48
16 2006 8 23 14 22 36
17 2006 9 8 2 39 2
18 2006 9 23 24 3 24
19 2006 10 8 18 21 23
20 2006 10 23 21 26 28
21 2006 11 7 21 34 50
22 2006 11 22 19 1 45
23 2006 12 7 14 26 49
24 2006 12 22 8 22 7
1 2007 1 6 1 40 11
2 2007 1 20 19 0 50
3 2007 2 4 13 18 13
4 2007 2 19 9 8 57
5 2007 3 6 7 18 0
6 2007 3 21 8 7 25
7 2007 4 5 24 4 40
8 2007 4 20 19 7 3
9 2007 5 6 5 20 24
10 2007 5 21 18 11 56
11 2007 6 6 9 27 5
12 2007 6 22 2 6 26
13 2007 7 7 19 41 44
14 2007 7 23 13 0 11
15 2007 8 8 5 31 15
16 2007 8 23 20 7 59
17 2007 9 8 8 29 30
18 2007 9 23 17 51 14
19 2007 10 9 0 11 31
20 2007 10 24 3 15 24
21 2007 11 8 3 24 2
22 2007 11 23 0 49 55
23 2007 12 7 20 14 7
24 2007 12 22 14 7 50
1 2008 1 6 7 24 50
2 2008 1 21 0 43 32
3 2008 2 4 19 0 24
4 2008 2 19 14 49 33
5 2008 3 5 24 58 48
6 2008 3 20 13 48 17
7 2008 4 4 17 45 52
8 2008 4 20 0 51 8
9 2008 5 5 11 3 26
10 2008 5 21 0 0 53
11 2008 6 5 15 11 44
12 2008 6 21 7 59 22
13 2008 7 7 1 26 51
14 2008 7 22 18 54 49
15 2008 8 7 11 16 12
16 2008 8 23 2 2 15
17 2008 9 7 14 14 9
18 2008 9 22 23 44 30
19 2008 10 8 5 56 38
20 2008 10 23 9 8 39
21 2008 11 7 9 10 35
22 2008 11 22 6 44 21
23 2008 12 7 2 2 19
24 2008 12 21 20 3 46
1 2009 1 5 13 14 9
2 2009 1 20 6 40 20
3 2009 2 4 0 49 49
4 2009 2 18 20 46 8
5 2009 3 5 18 47 32
6 2009 3 20 19 43 39
7 2009 4 4 23 33 48
8 2009 4 20 6 44 25
9 2009 5 5 16 50 51
10 2009 5 21 5 51 10
11 2009 6 5 20 59 5
12 2009 6 21 13 45 32
13 2009 7 7 7 13 30
14 2009 7 23 0 35 44
15 2009 8 7 17 1 10
16 2009 8 23 7 38 36
17 2009 9 7 19 57 36
18 2009 9 23 5 18 37
19 2009 10 8 11 40 3
20 2009 10 23 14 43 30
21 2009 11 7 14 56 17
22 2009 11 22 24 22 35
23 2009 12 7 7 52 14
24 2009 12 22 1 46 49
1 2010 1 5 19 8 47
2 2010 1 20 24 27 43
3 2010 2 4 6 47 51
4 2010 2 19 2 35 37
5 2010 3 6 0 46 20
6 2010 3 21 1 32 12
7 2010 4 5 5 30 29
8 2010 4 20 24 29 48
9 2010 5 5 22 44 2
10 2010 5 21 11 33 54
11 2010 6 6 2 49 25
12 2010 6 21 19 28 26
13 2010 7 7 13 2 24
14 2010 7 23 6 21 14
15 2010 8 7 22 49 9
16 2010 8 23 13 26 58
17 2010 9 8 1 44 41
18 2010 9 23 11 9 3
19 2010 10 8 17 26 29
20 2010 10 23 20 35 3
21 2010 11 7 20 42 30
22 2010 11 22 18 14 34
23 2010 12 7 13 38 24
24 2010 12 22 7 38 29
1 2011 1 6 0 54 39
2 2011 1 20 18 18 33
3 2011 2 4 24 32 57
4 2011 2 19 8 25 20
5 2011 3 6 6 29 58
6 2011 3 21 7 20 44
7 2011 4 5 11 11 59
8 2011 4 20 18 17 26
9 2011 5 6 4 23 14
10 2011 5 21 17 21 11
11 2011 6 6 8 27 21
12 2011 6 22 1 16 31
13 2011 7 7 18 42 1
14 2011 7 23 24 11 51
15 2011 8 8 4 33 26
16 2011 8 23 19 20 40
17 2011 9 8 7 34 13
18 2011 9 23 17 4 38
19 2011 10 8 23 19 5
20 2011 10 24 2 30 19
21 2011 11 8 2 34 57
22 2011 11 23 0 7 49
23 2011 12 7 7 29 0
24 2011 12 22 13 30 4
1 2012 1 6 6 43 56
2 2012 1 21 0 9 50
3 2012 2 4 18 22 24
4 2012 2 19 14 17 37
5 2012 3 5 24 21 2
6 2012 3 20 13 14 25
7 2012 4 4 17 5 35
8 2012 4 20 0 12 4
9 2012 5 5 10 19 41
10 2012 5 20 23 15 32
11 2012 6 5 14 25 55
12 2012 6 21 7 8 48
13 2012 7 7 0 40 45
14 2012 7 22 18 0 53
15 2012 8 7 10 30 33
16 2012 8 23 1 6 51
17 2012 9 7 13 29 1
18 2012 9 22 22 48 59
19 2012 10 8 5 11 44
20 2012 10 23 8 13 35
21 2012 11 7 8 25 59
22 2012 11 22 5 50 10
23 2012 12 7 1 18 57
24 2012 12 21 19 11 37
1 2013 1 5 24 33 38
2 2013 1 20 5 51 43
3 2013 2 4 0 13 26
4 2013 2 18 20 1 36
5 2013 3 5 18 14 51
6 2013 3 20 19 1 55
7 2013 4 4 23 2 27
8 2013 4 20 6 3 17
9 2013 5 5 16 18 10
10 2013 5 21 5 9 31
11 2013 6 5 20 23 20
12 2013 6 21 13 3 58
13 2013 7 7 6 34 36
14 2013 7 22 23 56 0
15 2013 8 7 16 20 22
16 2013 8 23 7 1 43
17 2013 9 7 19 16 15
18 2013 9 23 4 44 9
19 2013 10 8 10 58 30
20 2013 10 23 14 9 49
21 2013 11 7 14 13 53
22 2013 11 22 11 48 9
23 2013 12 7 7 8 33
24 2013 12 22 1 11 0
1 2014 1 5 18 24 11
2 2014 1 20 11 51 14
3 2014 2 4 6 3 16
4 2014 2 19 1 59 30
5 2014 3 6 0 2 15
6 2014 3 21 0 57 6
7 2014 4 5 4 46 40
8 2014 4 20 11 55 32
9 2014 5 5 21 59 25
10 2014 5 21 10 59 3
11 2014 6 6 2 3 3
12 2014 6 21 18 51 13
13 2014 7 7 24 14 47
14 2014 7 23 5 41 22
15 2014 8 7 22 2 29
16 2014 8 23 24 45 58
17 2014 9 8 1 1 25
18 2014 9 23 10 29 5
19 2014 10 8 16 47 29
20 2014 10 23 19 57 4
21 2014 11 7 20 6 41
22 2014 11 22 17 38 11
23 2014 12 7 13 4 6
24 2014 12 22 7 3 1
1 2015 1 6 0 20 31
2 2015 1 20 17 43 14
3 2015 2 4 11 58 27
4 2015 2 19 7 49 48
5 2015 3 6 5 55 39
6 2015 3 21 6 45 8
7 2015 4 5 10 39 5
8 2015 4 20 17 41 50
9 2015 5 6 3 52 33
10 2015 5 21 16 44 46
11 2015 6 6 7 58 10
12 2015 6 22 0 37 54
13 2015 7 7 18 12 15
14 2015 7 23 11 30 26
15 2015 8 8 4 1 23
16 2015 8 23 18 37 15
17 2015 9 8 6 59 32
18 2015 9 23 16 20 32
19 2015 10 8 22 42 48
20 2015 10 24 1 46 42
21 2015 11 8 1 58 37
22 2015 11 22 23 25 16
23 2015 12 7 18 53 21
24 2015 12 22 24 47 55
1 2016 1 6 6 8 20
2 2016 1 20 23 27 4
3 2016 2 4 5 46 0
4 2016 2 19 13 33 40
5 2016 3 5 11 43 30
6 2016 3 20 24 30 9
7 2016 4 4 16 27 30
8 2016 4 19 23 29 24
9 2016 5 5 9 41 50
10 2016 5 20 22 36 27
11 2016 6 5 13 48 28
12 2016 6 21 6 34 9
13 2016 7 7 0 3 19
14 2016 7 22 17 30 10
15 2016 8 7 9 53 0
16 2016 8 23 0 38 26
17 2016 9 7 24 51 3
18 2016 9 22 22 21 5
19 2016 10 8 4 33 20
20 2016 10 23 7 45 32
21 2016 11 7 7 47 39
22 2016 11 22 5 22 20
23 2016 12 7 0 41 6
24 2016 12 21 18 44 9
1 2017 1 5 11 55 41
2 2017 1 20 5 23 33
3 2017 2 3 23 34 1
4 2017 2 18 19 31 17
5 2017 3 5 17 32 41
6 2017 3 20 18 28 34
7 2017 4 4 22 17 16
8 2017 4 20 5 26 57
9 2017 5 5 15 30 59
10 2017 5 21 4 30 52
11 2017 6 5 19 36 33
12 2017 6 21 24 24 6
13 2017 7 7 5 50 38
14 2017 7 22 23 15 19
15 2017 8 7 15 39 57
16 2017 8 23 6 20 9
17 2017 9 7 18 38 33
18 2017 9 23 4 1 44
19 2017 10 8 10 22 5
20 2017 10 23 13 26 38
21 2017 11 7 13 37 47
22 2017 11 22 11 4 35
23 2017 12 7 6 32 36
24 2017 12 22 0 27 54
1 2018 1 5 17 48 40
2 2018 1 20 11 8 57
3 2018 2 4 5 28 25
4 2018 2 19 1 17 55
5 2018 3 5 23 28 6
6 2018 3 21 0 15 23
7 2018 4 5 4 12 43
8 2018 4 20 11 12 29
9 2018 5 5 21 25 18
10 2018 5 21 10 14 33
11 2018 6 6 1 29 4
12 2018 6 21 18 7 13
13 2018 7 7 11 41 48
14 2018 7 23 5 0 15
15 2018 8 7 21 30 35
16 2018 8 23 24 8 29
17 2018 9 8 0 29 37
18 2018 9 23 9 54 1
19 2018 10 8 16 14 38
20 2018 10 23 19 22 19
21 2018 11 7 19 31 42
22 2018 11 22 17 1 26
23 2018 12 7 24 25 51
24 2018 12 22 6 22 39
1 2019 1 5 23 38 52
2 2019 1 20 16 59 27
3 2019 2 4 11 14 14
4 2019 2 19 7 3 51
5 2019 3 6 5 9 39
6 2019 3 21 5 58 20
7 2019 4 5 9 51 21
8 2019 4 20 16 55 11
9 2019 5 6 3 2 40
10 2019 5 21 15 59 2
11 2019 6 6 7 6 19
12 2019 6 21 23 54 9
13 2019 7 7 17 20 25
14 2019 7 23 10 50 16
15 2019 8 8 3 12 57
16 2019 8 23 18 1 54
17 2019 9 8 6 16 46
18 2019 9 23 15 50 4
19 2019 10 8 22 5 31
20 2019 10 24 1 19 39
21 2019 11 8 1 24 16
22 2019 11 22 22 58 50
23 2019 12 7 18 18 23
24 2019 12 22 24 19 19
1 2020 1 6 5 29 58
2 2020 1 20 22 54 32
3 2020 2 4 17 3 12
4 2020 2 19 24 56 53
5 2020 3 5 10 56 45
6 2020 3 20 11 49 29
7 2020 4 4 15 38 3
8 2020 4 19 22 45 21
9 2020 5 5 8 51 15
10 2020 5 20 21 49 9
11 2020 6 5 24 58 19
12 2020 6 21 5 43 34
13 2020 7 6 23 14 20
14 2020 7 22 16 36 44
15 2020 8 7 9 6 4
16 2020 8 22 23 44 48
17 2020 9 7 24 7 56
18 2020 9 22 21 30 31
19 2020 10 8 3 55 8
20 2020 10 23 6 59 25
21 2020 11 7 7 13 48
22 2020 11 22 4 39 38
23 2020 12 7 0 9 22
24 2020 12 21 18 2 12
1 2021 1 5 11 23 17
2 2021 1 20 4 39 42
3 2021 2 3 22 58 39
4 2021 2 18 18 43 49
5 2021 3 5 16 53 32
6 2021 3 20 17 37 19
7 2021 4 4 21 34 58
8 2021 4 20 4 33 15
9 2021 5 5 14 47 2
10 2021 5 21 3 36 57
11 2021 6 5 18 51 56
12 2021 6 21 11 32 0
13 2021 7 7 5 5 20
14 2021 7 22 22 26 17
15 2021 8 7 14 53 50
16 2021 8 23 5 34 50
17 2021 9 7 17 52 48
18 2021 9 23 3 20 56
19 2021 10 8 9 38 53
20 2021 10 23 24 51 1
21 2021 11 7 24 58 37
22 2021 11 22 10 33 35
23 2021 12 7 5 56 54
24 2021 12 21 23 59 9
1 2022 1 5 17 13 52
2 2022 1 20 10 38 56
3 2022 2 4 4 50 36
4 2022 2 19 0 42 51
5 2022 3 5 22 43 34
6 2022 3 20 23 33 14
7 2022 4 5 3 20 4
8 2022 4 20 10 24 6
9 2022 5 5 20 25 47
10 2022 5 21 9 22 24
11 2022 6 6 0 25 37
12 2022 6 21 17 13 41
13 2022 7 7 10 37 49
14 2022 7 23 4 6 49
15 2022 8 7 20 28 58
16 2022 8 23 11 16 0
17 2022 9 7 23 32 8
18 2022 9 23 9 3 32
19 2022 10 8 15 22 17
20 2022 10 23 18 35 31
21 2022 11 7 18 45 19
22 2022 11 22 16 20 18
23 2022 12 7 11 46 6
24 2022 12 22 5 48 3
1 2023 1 5 23 4 39
2 2023 1 20 16 29 21
3 2023 2 4 10 42 21
4 2023 2 19 6 34 6
5 2023 3 6 4 36 2
6 2023 3 21 5 24 15
7 2023 4 5 9 12 52
8 2023 4 20 16 13 26
9 2023 5 6 2 18 33
10 2023 5 21 15 8 59
11 2023 6 6 6 18 9
12 2023 6 21 22 57 37
13 2023 7 7 16 30 29
14 2023 7 23 9 50 17
15 2023 8 8 2 22 42
16 2023 8 23 17 1 7
17 2023 9 8 5 26 31
18 2023 9 23 14 49 47
19 2023 10 8 21 15 23
20 2023 10 24 0 20 41
21 2023 11 8 0 35 24
22 2023 11 22 22 2 31
23 2023 12 7 17 32 44
24 2023 12 22 11 27 9
1 2024 1 6 4 49 9
2 2024 1 20 22 7 7
3 2024 2 4 16 26 54
4 2024 2 19 24 12 57
5 2024 3 5 10 22 32
6 2024 3 20 11 6 10
7 2024 4 4 15 2 3
8 2024 4 19 21 59 32
9 2024 5 5 8 9 51
10 2024 5 20 20 59 16
11 2024 6 5 24 9 40
12 2024 6 21 4 50 45
13 2024 7 6 22 19 50
14 2024 7 22 15 44 12
15 2024 8 7 8 9 3
16 2024 8 22 22 54 49
17 2024 9 7 11 11 7
18 2024 9 22 20 43 26
19 2024 10 8 2 59 44
20 2024 10 23 6 14 30
21 2024 11 7 6 19 50
22 2024 11 22 3 56 15
23 2024 12 6 23 16 49
24 2024 12 21 17 20 21
1 2025 1 5 10 32 31
2 2025 1 20 3 59 53
3 2025 2 3 22 10 12
4 2025 2 18 18 6 18
5 2025 3 5 16 7 1
6 2025 3 20 17 1 13
7 2025 4 4 20 48 19
8 2025 4 20 3 55 45
9 2025 5 5 13 56 56
10 2025 5 21 2 54 22
11 2025 6 5 17 56 15
12 2025 6 21 10 42 0
13 2025 7 7 4 4 44
14 2025 7 22 21 29 11
15 2025 8 7 13 51 19
16 2025 8 23 4 33 36
17 2025 9 7 16 51 41
18 2025 9 23 2 19 6
19 2025 10 8 8 40 56
20 2025 10 23 11 50 41
21 2025 11 7 24 3 48
22 2025 11 22 9 35 19
23 2025 12 7 5 4 20
24 2025 12 21 23 2 50
1 2026 1 5 16 22 52
2 2026 1 20 9 44 39
3 2026 2 4 4 1 50
4 2026 2 18 23 51 39
5 2026 3 5 21 58 42
6 2026 3 20 22 45 41
7 2026 4 5 2 39 43
8 2026 4 20 9 38 50
9 2026 5 5 19 48 27
10 2026 5 21 8 36 27
11 2026 6 5 23 48 4
12 2026 6 21 16 24 14
13 2026 7 7 9 56 40
14 2026 7 23 3 12 49
15 2026 8 7 19 42 27
16 2026 8 23 10 18 32
17 2026 9 7 22 41 1
18 2026 9 23 8 4 57
19 2026 10 8 2 29 0
20 2026 10 23 17 37 39
21 2026 11 7 17 51 48
22 2026 11 22 15 23 3
23 2026 12 7 10 52 14
24 2026 12 22 4 49 57
1 2027 1 5 22 9 40
2 2027 1 20 15 29 32
3 2027 2 4 9 45 59
4 2027 2 19 5 33 11
5 2027 3 6 3 39 13
6 2027 3 21 4 24 22
7 2027 4 5 8 17 11
8 2027 4 20 15 17 20
9 2027 5 6 1 24 53
10 2027 5 21 14 17 55
11 2027 6 6 5 25 30
12 2027 6 21 22 10 32
13 2027 7 7 15 36 46
14 2027 7 23 9 4 22
15 2027 8 8 1 26 28
16 2027 8 23 16 14 1
17 2027 9 8 4 28 7
18 2027 9 23 14 1 24
19 2027 10 8 20 16 45
20 2027 10 23 23 32 34
21 2027 11 7 23 38 15
22 2027 11 22 21 15 55
23 2027 12 7 16 37 22
24 2027 12 22 10 41 52
1 2028 1 6 3 54 19
2 2028 1 20 21 21 36
3 2028 2 4 15 30 55
4 2028 2 19 11 25 42
5 2028 3 5 9 24 29
6 2028 3 20 10 16 49
7 2028 4 4 14 2 45
8 2028 4 19 21 9 9
9 2028 5 5 7 11 51
10 2028 5 20 20 9 29
11 2028 6 5 11 15 39
12 2028 6 21 4 1 40
13 2028 7 6 21 29 59
14 2028 7 22 14 53 38
15 2028 8 7 7 20 49
16 2028 8 22 22 0 35
17 2028 9 7 10 21 48
18 2028 9 22 19 44 58
19 2028 10 8 2 8 10
20 2028 10 23 5 13 2
21 2028 11 7 5 26 56
22 2028 11 22 2 54 3
23 2028 12 6 22 24 20
24 2028 12 21 16 19 19
1 2029 1 5 9 41 33
2 2029 1 20 3 0 31
3 2029 2 3 21 20 25
4 2029 2 18 17 7 35
5 2029 3 5 15 17 14
6 2029 3 20 16 1 36
7 2029 4 4 7 58 0
8 2029 4 20 2 55 20
9 2029 5 5 13 7 24
10 2029 5 21 1 55 31
11 2029 6 5 17 9 36
12 2029 6 21 9 47 56
13 2029 7 7 3 22 3
14 2029 7 22 20 41 43
15 2029 8 7 13 11 23
16 2029 8 23 3 51 15
17 2029 9 7 16 11 32
18 2029 9 23 1 38 9
19 2029 10 8 7 57 46
20 2029 10 23 11 7 45
21 2029 11 7 11 16 24
22 2029 11 22 8 49 2
23 2029 12 7 4 13 25
24 2029 12 21 22 13 44
1 2030 1 5 15 30 10
2 2030 1 20 8 54 0
3 2030 2 4 3 8 6
4 2030 2 18 22 59 33
5 2030 3 5 21 2 56
6 2030 3 20 21 51 43
7 2030 4 5 1 40 38
8 2030 4 20 8 43 11
9 2030 5 5 18 45 55
10 2030 5 21 7 40 42
11 2030 6 5 22 44 7
12 2030 6 21 15 30 56
13 2030 7 7 8 55 7
14 2030 7 23 2 24 30
15 2030 8 7 18 46 56
16 2030 8 23 9 36 0
17 2030 9 7 21 52 26
18 2030 9 23 7 26 31
19 2030 10 8 13 44 53
20 2030 10 23 17 0 10
21 2030 11 7 17 8 21
22 2030 11 22 14 44 13
23 2030 12 7 10 7 14
24 2030 12 22 4 9 14
1 2031 1 5 21 22 43
2 2031 1 20 14 47 34
3 2031 2 4 8 57 54
4 2031 2 19 4 50 30
5 2031 3 6 2 50 37
6 2031 3 21 3 40 34
7 2031 4 5 7 27 57
8 2031 4 20 14 30 50
9 2031 5 6 0 34 47
10 2031 5 21 13 27 31
11 2031 6 6 4 35 16
12 2031 6 21 21 16 43
13 2031 7 7 14 48 27
14 2031 7 23 8 10 4
15 2031 8 8 0 42 32
16 2031 8 23 15 22 54
17 2031 9 8 3 49 45
18 2031 9 23 13 14 54
19 2031 10 8 19 42 32
20 2031 10 23 22 49 3
21 2031 11 7 23 5 16
22 2031 11 22 20 32 12
23 2031 12 7 16 2 29
24 2031 12 22 9 55 8
1 2032 1 6 3 15 39
2 2032 1 20 20 30 51
3 2032 2 4 14 48 31
4 2032 2 19 10 31 46
5 2032 3 5 8 39 46
6 2032 3 20 9 21 28
7 2032 4 4 13 17 9
8 2032 4 19 20 13 43
9 2032 5 5 6 25 25
10 2032 5 20 19 14 33
11 2032 6 5 10 27 33
12 2032 6 21 3 8 19
13 2032 7 6 20 40 28
14 2032 7 22 14 4 19
15 2032 8 7 6 32 16
16 2032 8 22 21 17 54
17 2032 9 7 9 37 27
18 2032 9 22 19 10 26
19 2032 10 8 1 29 57
20 2032 10 23 4 45 48
21 2032 11 7 4 53 50
22 2032 11 22 2 30 46
23 2032 12 6 21 52 53
24 2032 12 21 15 55 30
1 2033 1 5 9 7 39
2 2033 1 20 2 32 20
3 2033 2 3 20 41 8
4 2033 2 18 16 33 22
5 2033 3 5 14 31 52
6 2033 3 20 15 22 15
7 2033 4 4 19 7 40
8 2033 4 20 2 12 39
9 2033 5 5 24 13 18
10 2033 5 21 1 10 31
11 2033 6 5 16 12 58
12 2033 6 21 9 0 40
13 2033 7 7 2 24 30
14 2033 7 22 19 52 21
15 2033 8 7 24 15 18
16 2033 8 23 3 1 23
17 2033 9 7 15 19 53
18 2033 9 23 0 51 13
19 2033 10 8 7 13 28
20 2033 10 23 10 27 10
21 2033 11 7 10 40 38
22 2033 11 22 8 15 42
23 2033 12 7 3 44 29
24 2033 12 21 21 45 32
1 2034 1 5 15 4 2
2 2034 1 20 8 26 48
3 2034 2 4 2 40 40
4 2034 2 18 22 29 42
5 2034 3 5 20 31 54
6 2034 3 20 21 17 1
7 2034 4 5 1 5 45
8 2034 4 20 8 3 15
9 2034 5 5 18 8 41
10 2034 5 21 6 56 25
11 2034 6 5 22 6 12
12 2034 6 21 14 43 42
13 2034 7 7 8 17 10
14 2034 7 23 1 35 52
15 2034 8 7 18 8 38
16 2034 8 23 8 47 17
17 2034 9 7 21 13 30
18 2034 9 23 6 39 5
19 2034 10 8 13 6 39
20 2034 10 23 16 15 58
21 2034 11 7 16 33 11
22 2034 11 22 14 4 29
23 2034 12 7 9 36 21
24 2034 12 22 3 33 32
1 2035 1 5 20 55 12
2 2035 1 20 14 13 46
3 2035 2 4 8 31 4
4 2035 2 19 4 15 39
5 2035 3 6 2 21 7
6 2035 3 21 3 2 14
7 2035 4 5 6 53 22
8 2035 4 20 13 48 29
9 2035 5 5 23 54 27
10 2035 5 21 24 42 56
11 2035 6 6 3 50 19
12 2035 6 21 20 32 37
13 2035 7 7 14 0 40
14 2035 7 23 7 28 11
15 2035 8 7 23 53 50
16 2035 8 23 14 43 40
17 2035 9 8 3 1 59
18 2035 9 23 24 38 25
19 2035 10 8 18 57 11
20 2035 10 23 22 15 40
21 2035 11 7 22 23 20
22 2035 11 22 20 2 42
23 2035 12 7 3 25 0
24 2035 12 22 9 30 23
1 2036 1 6 2 42 59
2 2036 1 20 20 10 30
3 2036 2 4 14 19 24
4 2036 2 19 10 13 46
5 2036 3 5 8 11 18
6 2036 3 20 9 2 19
7 2036 4 4 24 45 44
8 2036 4 19 19 49 58
9 2036 5 5 5 48 51
10 2036 5 20 18 44 21
11 2036 6 5 9 46 28
12 2036 6 21 2 31 41
13 2036 7 6 7 57 0
14 2036 7 22 13 22 8
15 2036 8 7 5 48 24
16 2036 8 22 20 31 52
17 2036 9 7 8 54 26
18 2036 9 22 18 22 47
19 2036 10 8 0 48 27
20 2036 10 23 3 58 18
21 2036 11 7 4 14 8
22 2036 11 22 1 44 47
23 2036 12 6 21 15 29
24 2036 12 21 15 12 20
1 2037 1 5 8 33 30
2 2037 1 20 1 53 11
3 2037 2 3 20 11 5
4 2037 2 18 15 58 21
5 2037 3 5 14 5 38
6 2037 3 20 14 49 42
7 2037 4 4 18 43 29
8 2037 4 20 1 39 45
9 2037 5 5 11 48 54
10 2037 5 21 0 34 55
11 2037 6 5 15 46 18
12 2037 6 21 8 21 53
13 2037 7 7 1 54 35
14 2037 7 22 19 12 4
15 2037 8 7 11 42 29
16 2037 8 23 2 21 28
17 2037 9 7 14 45 2
18 2037 9 23 0 12 32
19 2037 10 8 6 37 17
20 2037 10 23 9 49 19
21 2037 11 7 10 3 31
22 2037 11 22 7 37 50
23 2037 12 7 3 6 45
24 2037 12 21 21 7 11
1 2038 1 5 14 26 13
2 2038 1 20 7 48 16
3 2038 2 4 2 3 14
4 2038 2 18 21 51 33
5 2038 3 5 19 54 56
6 2038 3 20 20 40 4
7 2038 4 5 0 28 54
8 2038 4 20 7 27 58
9 2038 5 5 17 30 37
10 2038 5 21 6 22 7
11 2038 6 5 21 25 4
12 2038 6 21 14 8 49
13 2038 7 7 7 31 58
14 2038 7 23 0 59 20
15 2038 8 7 17 20 44
16 2038 8 23 8 9 34
17 2038 9 7 20 25 43
18 2038 9 23 6 1 42
19 2038 10 8 24 21 0
20 2038 10 23 15 40 7
21 2038 11 7 15 50 18
22 2038 11 22 13 30 44
23 2038 12 7 8 55 49
24 2038 12 22 3 1 46
1 2039 1 5 20 16 3
2 2039 1 20 13 43 5
3 2039 2 4 7 52 19
4 2039 2 19 3 45 8
5 2039 3 6 1 42 26
6 2039 3 21 2 31 26
7 2039 4 5 6 15 12
8 2039 4 20 13 17 11
9 2039 5 5 23 17 33
10 2039 5 21 24 10 18
11 2039 6 6 3 14 54
12 2039 6 21 19 56 49
13 2039 7 7 13 25 34
14 2039 7 23 6 47 34
15 2039 8 7 23 17 31
16 2039 8 23 13 58 5
17 2039 9 8 2 23 28
18 2039 9 23 11 49 1
19 2039 10 8 18 16 43
20 2039 10 23 21 24 28
21 2039 11 7 21 42 19
22 2039 11 22 19 11 35
23 2039 12 7 14 44 30
24 2039 12 22 8 40 0
1 2040 1 6 2 2 59
2 2040 1 20 19 20 26
3 2040 2 4 13 39 16
4 2040 2 19 9 23 12
5 2040 3 5 7 30 37
6 2040 3 20 8 11 5
7 2040 4 4 24 4 53
8 2040 4 19 18 58 56
9 2040 5 5 5 8 45
10 2040 5 20 17 55 6
11 2040 6 5 9 7 25
12 2040 6 21 1 45 46
13 2040 7 6 19 18 38
14 2040 7 22 24 40 13
15 2040 8 7 5 9 27
16 2040 8 22 19 52 42
17 2040 9 7 8 13 30
18 2040 9 22 17 44 19
19 2040 10 8 0 4 55
20 2040 10 23 3 19 8
21 2040 11 7 3 28 41
22 2040 11 22 1 4 54
23 2040 12 6 20 29 25
24 2040 12 21 14 32 14
1 2041 1 5 7 47 29
2 2041 1 20 1 12 40
3 2041 2 3 19 24 30
4 2041 2 18 15 16 38
5 2041 3 5 13 17 12
6 2041 3 20 14 6 9
7 2041 4 4 17 51 56
8 2041 4 20 0 54 17
9 2041 5 5 10 53 52
10 2041 5 20 23 48 12
11 2041 6 5 14 49 8
12 2041 6 21 7 35 14
13 2041 7 7 0 57 51
14 2041 7 22 18 26 3
15 2041 8 7 10 48 3
16 2041 8 23 1 35 37
17 2041 9 7 13 52 57
18 2041 9 22 23 25 55
19 2041 10 8 5 46 19
20 2041 10 23 9 1 19
21 2041 11 7 9 12 28
22 2041 11 22 6 48 40
23 2041 12 7 2 15 10
24 2041 12 21 20 17 41
1 2042 1 5 13 34 29
2 2042 1 20 6 59 24
3 2042 2 4 1 12 12
4 2042 2 18 21 3 49
5 2042 3 5 19 5 8
6 2042 3 20 19 52 38
7 2042 4 4 23 39 59
8 2042 4 20 6 39 7
9 2042 5 5 16 42 10
10 2042 5 21 5 30 36
11 2042 6 5 20 37 33
12 2042 6 21 13 15 10
13 2042 7 7 6 46 38
14 2042 7 23 0 5 41
15 2042 8 7 16 38 8
16 2042 8 23 7 17 29
17 2042 9 7 19 44 49
18 2042 9 23 5 10 54
19 2042 10 8 11 39 55
20 2042 10 23 14 48 54
21 2042 11 7 15 6 59
22 2042 11 22 24 36 44
23 2042 12 7 8 8 34
24 2042 12 22 2 3 25
1 2043 1 5 19 24 40
2 2043 1 20 24 40 54
3 2043 2 4 6 58 5
4 2043 2 19 2 40 59
5 2043 3 6 0 47 7
6 2043 3 21 1 27 6
7 2043 4 5 5 19 35
8 2043 4 20 24 13 45
9 2043 5 5 22 21 24
10 2043 5 21 11 8 27
11 2043 6 6 2 17 28
12 2043 6 21 18 57 41
13 2043 7 7 24 27 9
14 2043 7 23 5 52 47
15 2043 8 7 22 20 5
16 2043 8 23 13 9 7
17 2043 9 8 1 29 30
18 2043 9 23 11 6 15
19 2043 10 8 17 27 4
20 2043 10 23 20 46 8
21 2043 11 7 20 55 9
22 2043 11 22 18 34 24
23 2043 12 7 13 56 43
24 2043 12 22 8 0 34
1 2044 1 6 1 11 49
2 2044 1 20 18 36 44
3 2044 2 4 24 43 35
4 2044 2 19 8 35 7
5 2044 3 5 6 30 53
6 2044 3 20 7 19 51
7 2044 4 4 11 2 22
8 2044 4 19 18 6 2
9 2044 5 5 4 4 46
10 2044 5 20 17 1 11
11 2044 6 5 8 3 18
12 2044 6 21 0 50 27
13 2044 7 6 18 15 14
14 2044 7 22 11 42 40
15 2044 8 7 4 7 55
16 2044 8 22 18 53 59
17 2044 9 7 7 15 49
18 2044 9 22 16 47 10
19 2044 10 7 23 12 35
20 2044 10 23 2 25 37
21 2044 11 7 2 41 17
22 2044 11 22 0 14 36
23 2044 12 6 19 44 31
24 2044 12 21 13 42 55
1 2045 1 5 7 1 48
2 2045 1 20 0 21 29
3 2045 2 3 18 35 35
4 2045 2 18 14 21 39
5 2045 3 5 24 24 18
6 2045 3 20 13 6 55
7 2045 4 4 16 56 33
8 2045 4 19 23 52 9
9 2045 5 5 9 58 47
10 2045 5 20 22 45 17
11 2045 6 5 13 56 18
12 2045 6 21 6 33 11
13 2045 7 7 0 7 23
14 2045 7 22 17 26 7
15 2045 8 7 9 58 59
16 2045 8 23 0 38 28
17 2045 9 7 13 4 45
18 2045 9 22 22 32 14
19 2045 10 8 4 59 56
20 2045 10 23 8 11 49
21 2045 11 7 8 29 8
22 2045 11 22 6 3 9
23 2045 12 7 1 34 53
24 2045 12 21 19 34 24
1 2046 1 5 24 55 15
2 2046 1 20 6 15 9
3 2046 2 4 0 30 22
4 2046 2 18 20 14 54
5 2046 3 5 18 17 2
6 2046 3 20 18 57 8
7 2046 4 4 22 44 14
8 2046 4 20 5 38 11
9 2046 5 5 15 39 56
10 2046 5 21 4 27 45
11 2046 6 5 19 31 30
12 2046 6 21 24 13 56
13 2046 7 7 5 39 35
14 2046 7 22 23 7 58
15 2046 8 7 15 32 36
16 2046 8 23 6 23 48
17 2046 9 7 18 42 35
18 2046 9 23 4 21 0
19 2046 10 8 10 41 42
20 2046 10 23 14 2 51
21 2046 11 7 14 13 26
22 2046 11 22 11 55 33
23 2046 12 7 7 20 35
24 2046 12 22 1 27 46
1 2047 1 5 18 41 38
2 2047 1 20 24 9 12
3 2047 2 4 6 17 16
4 2047 2 19 2 9 39
5 2047 3 6 0 4 34
6 2047 3 21 0 51 55
7 2047 4 5 4 31 57
8 2047 4 20 11 31 47
9 2047 5 5 21 27 47
10 2047 5 21 10 19 10
11 2047 6 6 1 20 7
12 2047 6 21 18 2 45
13 2047 7 7 11 29 45
14 2047 7 23 4 54 46
15 2047 8 7 21 25 9
16 2047 8 23 24 10 9
17 2047 9 8 0 37 27
18 2047 9 23 10 7 22
19 2047 10 8 16 36 58
20 2047 10 23 19 47 50
21 2047 11 7 20 6 37
22 2047 11 22 17 37 33
23 2047 12 7 13 10 19
24 2047 12 22 7 6 31
1 2048 1 6 0 28 37
2 2048 1 20 17 46 22
3 2048 2 4 24 3 51
4 2048 2 19 7 47 45
5 2048 3 5 5 53 21
6 2048 3 20 6 33 5
7 2048 4 4 10 24 31
8 2048 4 19 17 16 41
9 2048 5 5 3 23 45
10 2048 5 20 16 7 17
11 2048 6 5 7 17 34
12 2048 6 20 23 53 10
13 2048 7 6 17 26 3
14 2048 7 22 10 46 12
15 2048 8 7 3 18 7
16 2048 8 22 18 1 45
17 2048 9 7 6 27 21
18 2048 9 22 15 59 55
19 2048 10 7 22 25 58
20 2048 10 23 1 41 59
21 2048 11 7 1 56 6
22 2048 11 21 23 32 46
23 2048 12 6 19 0 5
24 2048 12 21 13 1 31
1 2049 1 5 6 17 57
2 2049 1 19 23 40 26
3 2049 2 3 17 52 36
4 2049 2 18 13 41 32
5 2049 3 5 11 42 9
6 2049 3 20 24 27 51
7 2049 4 4 16 13 37
8 2049 4 19 23 12 42
9 2049 5 5 9 11 53
10 2049 5 20 22 3 2
11 2049 6 5 13 2 59
12 2049 6 21 5 46 33
13 2049 7 6 23 8 5
14 2049 7 22 16 35 32
15 2049 8 7 8 57 11
16 2049 8 22 23 46 35
17 2049 9 7 24 4 48
18 2049 9 22 21 41 52
19 2049 10 8 4 4 17
20 2049 10 23 7 24 27
21 2049 11 7 7 37 40
22 2049 11 22 5 18 32
23 2049 12 7 0 45 54
24 2049 12 21 18 51 26
1 2050 1 5 24 7 6
2 2050 1 20 5 33 2
3 2050 2 3 23 43 0
4 2050 2 18 19 34 18
5 2050 3 5 17 31 54
6 2050 3 20 18 18 48
7 2050 4 4 22 2 26
8 2050 4 20 5 1 24
9 2050 5 5 15 1 11
10 2050 5 21 3 50 4
11 2050 6 5 18 54 4
12 2050 6 21 11 32 16
13 2050 7 7 5 1 7
14 2050 7 22 22 20 38
15 2050 8 7 14 51 43
16 2050 8 23 5 31 56
17 2050 9 7 17 59 53
18 2050 9 23 3 27 46
19 2050 10 8 9 59 24
20 2050 10 23 13 11 6
21 2050 11 7 13 32 56
22 2050 11 22 11 5 34
23 2050 12 7 6 41 2
24 2050 12 22 0 37 57
1 2051 1 5 18 1 26
2 2051 1 20 11 18 0
3 2051 2 4 5 35 20
4 2051 2 19 1 16 39
5 2051 3 5 23 21 16
6 2051 3 20 23 58 25
7 2051 4 5 3 48 55
8 2051 4 20 10 39 53
9 2051 5 5 20 46 21
10 2051 5 21 9 30 38
11 2051 6 6 0 39 57
12 2051 6 21 17 17 54
13 2051 7 7 10 48 42
14 2051 7 23 4 12 11
15 2051 8 7 20 41 4
16 2051 8 23 11 28 24
17 2051 9 7 23 50 33
18 2051 9 23 9 26 37
19 2051 10 8 15 49 42
20 2051 10 23 19 9 21
21 2051 11 7 19 21 22
22 2051 11 22 17 2 5
23 2051 12 7 24 27 52
24 2051 12 22 6 33 22
1 2052 1 5 23 47 47
2 2052 1 20 17 13 26
3 2052 2 4 11 22 10
4 2052 2 19 7 12 52
5 2052 3 5 5 8 45
6 2052 3 20 5 55 19
7 2052 4 4 9 36 33
8 2052 4 19 16 37 10
9 2052 5 5 2 34 2
10 2052 5 20 15 28 13
11 2052 6 5 6 28 42
12 2052 6 20 23 15 27
13 2052 7 6 16 39 13
14 2052 7 22 10 8 6
15 2052 8 7 2 32 28
16 2052 8 22 17 20 44
17 2052 9 7 5 41 22
18 2052 9 22 15 14 57
19 2052 10 7 21 39 3
20 2052 10 23 0 54 26
21 2052 11 7 1 9 6
22 2052 11 21 22 45 15
23 2052 12 6 18 14 45
24 2052 12 21 24 16 27
1 2053 1 5 5 35 21
2 2053 1 19 22 58 27
3 2053 2 3 17 12 17
4 2053 2 18 13 1 8
5 2053 3 5 11 2 32
6 2053 3 20 11 46 37
7 2053 4 4 15 33 44
8 2053 4 19 22 29 30
9 2053 5 5 8 32 49
10 2053 5 20 21 18 47
11 2053 6 5 24 26 53
12 2053 6 21 5 3 22
13 2053 7 6 22 36 23
14 2053 7 22 15 55 27
15 2053 8 7 8 29 15
16 2053 8 22 23 9 30
17 2053 9 7 11 37 53
18 2053 9 22 21 5 32
19 2053 10 8 3 35 20
20 2053 10 23 6 46 30
21 2053 11 7 7 5 25
22 2053 11 22 4 38 1
23 2053 12 7 0 11 7
24 2053 12 21 18 9 11
1 2054 1 5 11 31 30
2 2054 1 20 4 50 14
3 2054 2 3 23 7 9
4 2054 2 18 18 50 49
5 2054 3 5 16 54 45
6 2054 3 20 17 33 43
7 2054 4 4 21 22 17
8 2054 4 20 4 14 20
9 2054 5 5 14 17 4
10 2054 5 21 3 2 14
11 2054 6 5 18 6 42
12 2054 6 21 10 46 26
13 2054 7 7 4 13 2
14 2054 7 22 21 39 52
15 2054 8 7 14 6 12
16 2054 8 23 4 57 42
17 2054 9 7 17 18 48
18 2054 9 23 2 58 44
19 2054 10 8 9 21 28
20 2054 10 23 24 44 6
21 2054 11 7 24 55 33
22 2054 11 22 10 38 9
23 2054 12 7 6 2 40
24 2054 12 22 0 9 14
1 2055 1 5 17 21 47
2 2055 1 20 10 48 14
3 2055 2 4 4 55 3
4 2055 2 19 0 46 32
5 2055 3 5 22 40 41
6 2055 3 20 23 27 52
7 2055 4 5 3 7 28
8 2055 4 20 10 7 47
9 2055 5 5 20 3 5
10 2055 5 21 8 55 27
11 2055 6 5 23 55 7
12 2055 6 21 16 39 8
13 2055 7 7 10 4 28
14 2055 7 23 3 31 18
15 2055 8 7 20 0 18
16 2055 8 23 10 47 48
17 2055 9 7 23 14 47
18 2055 9 23 8 48 2
19 2055 10 8 15 18 18
20 2055 10 23 18 32 35
21 2055 11 7 18 51 59
22 2055 11 22 16 25 26
23 2055 12 7 11 57 44
24 2055 12 22 5 54 52
1 2056 1 5 23 14 53
2 2056 1 20 16 32 10
3 2056 2 4 10 46 23
4 2056 2 19 6 29 11
5 2056 3 5 4 31 23
6 2056 3 20 5 10 19
7 2056 4 4 8 59 14
8 2056 4 19 15 51 21
9 2056 5 5 1 57 13
10 2056 5 20 14 41 12
11 2056 6 5 5 51 33
12 2056 6 20 22 27 29
13 2056 7 6 16 1 35
14 2056 7 22 9 21 30
15 2056 8 7 1 55 19
16 2056 8 22 16 38 20
17 2056 9 7 5 6 33
18 2056 9 22 14 38 47
19 2056 10 7 21 8 20
20 2056 10 23 0 24 37
21 2056 11 7 0 42 35
22 2056 11 21 22 19 29
23 2056 12 6 17 50 9
24 2056 12 21 11 50 53
1 2057 1 5 5 9 17
2 2057 1 19 22 29 24
3 2057 2 3 16 41 44
4 2057 2 18 24 26 39
5 2057 3 5 10 26 15
6 2057 3 20 11 7 10
7 2057 4 4 14 51 52
8 2057 4 19 21 46 46
9 2057 5 5 7 45 53
10 2057 5 20 20 34 29
11 2057 6 5 11 35 32
12 2057 6 21 4 18 19
13 2057 7 6 21 41 41
14 2057 7 22 15 9 57
15 2057 8 7 7 33 10
16 2057 8 22 22 24 17
17 2057 9 7 10 43 20
18 2057 9 22 20 22 32
19 2057 10 8 2 45 24
20 2057 10 23 6 8 16
21 2057 11 7 6 22 3
22 2057 11 22 4 5 58
23 2057 12 6 23 33 54
24 2057 12 21 17 42 8
1 2058 1 5 10 57 46
2 2058 1 20 4 25 16
3 2058 2 3 22 33 44
4 2058 2 18 18 24 54
5 2058 3 5 16 19 7
6 2058 3 20 17 4 16
7 2058 4 4 20 43 12
8 2058 4 20 3 40 8
9 2058 5 5 13 35 14
10 2058 5 21 2 23 18
11 2058 6 5 17 23 58
12 2058 6 21 10 3 20
13 2058 7 7 3 30 46
14 2058 7 22 20 53 5
15 2058 8 7 13 24 30
16 2058 8 23 4 8 0
17 2058 9 7 16 37 15
18 2058 9 23 2 7 40
19 2058 10 8 8 40 27
20 2058 10 23 11 53 40
21 2058 11 7 24 16 22
22 2058 11 22 9 50 3
23 2058 12 7 5 26 20
24 2058 12 21 23 24 15
1 2059 1 5 16 48 24
2 2059 1 20 10 5 47
3 2059 2 4 4 23 12
4 2059 2 19 0 4 27
5 2059 3 5 22 7 59
6 2059 3 20 22 43 30
7 2059 4 5 2 31 41
8 2059 4 20 9 19 30
9 2059 5 5 19 23 12
10 2059 5 21 8 3 48
11 2059 6 5 23 11 30
12 2059 6 21 15 46 33
13 2059 7 7 9 18 4
14 2059 7 23 2 40 11
15 2059 8 7 19 11 59
16 2059 8 23 9 59 27
17 2059 9 7 22 25 49
18 2059 9 23 8 2 48
19 2059 10 8 14 29 52
20 2059 10 23 17 50 3
21 2059 11 7 18 4 55
22 2059 11 22 15 45 12
23 2059 12 7 11 12 52
24 2059 12 22 5 17 13
1 2060 1 5 22 33 5
2 2060 1 20 15 57 22
3 2060 2 4 10 7 24
4 2060 2 19 5 56 29
5 2060 3 5 3 53 20
6 2060 3 20 4 37 46
7 2060 4 4 8 18 57
8 2060 4 19 15 16 36
9 2060 5 5 1 12 1
10 2060 5 20 14 2 45
11 2060 6 5 5 0 47
12 2060 6 20 21 44 54
13 2060 7 6 15 6 30
14 2060 7 22 8 35 0
15 2060 8 7 0 58 24
16 2060 8 22 15 48 48
17 2060 9 7 4 9 53
18 2060 9 22 13 47 27
19 2060 10 7 20 12 46
20 2060 10 22 23 32 41
21 2060 11 6 23 48 8
22 2060 11 21 21 27 53
23 2060 12 6 16 56 50
24 2060 12 21 11 0 43
1 2061 1 5 4 17 39
2 2061 1 19 21 41 51
3 2061 2 3 15 52 56
4 2061 2 18 11 42 25
5 2061 3 5 9 40 54
6 2061 3 20 10 25 31
7 2061 4 4 14 9 36
8 2061 4 19 21 5 46
9 2061 5 5 7 5 44
10 2061 5 20 19 51 31
11 2061 6 5 10 55 53
12 2061 6 21 3 31 30
13 2061 7 6 21 1 20
14 2061 7 22 14 19 37
15 2061 8 7 6 52 5
16 2061 8 22 21 32 23
17 2061 9 7 10 1 47
18 2061 9 22 19 30 40
19 2061 10 8 2 3 22
20 2061 10 23 5 16 30
21 2061 11 7 5 39 8
22 2061 11 22 3 13 27
23 2061 12 6 22 49 38
24 2061 12 21 16 48 6
1 2062 1 5 10 11 56
2 2062 1 20 3 29 25
3 2062 2 3 21 46 16
4 2062 2 18 17 27 31
5 2062 3 5 15 30 37
6 2062 3 20 16 6 44
7 2062 4 4 19 54 40
8 2062 4 20 2 43 53
9 2062 5 5 24 46 40
10 2062 5 21 1 29 1
11 2062 6 5 16 34 2
12 2062 6 21 9 10 39
13 2062 7 7 2 37 40
14 2062 7 22 20 1 27
15 2062 8 7 24 28 10
16 2062 8 23 3 17 34
17 2062 9 7 15 39 41
18 2062 9 23 1 19 10
19 2062 10 8 7 43 49
20 2062 10 23 11 7 37
21 2062 11 7 11 21 47
22 2062 11 22 9 6 23
23 2062 12 7 4 33 45
24 2062 12 21 22 41 57
1 2063 1 5 15 56 28
2 2063 1 20 9 23 13
3 2063 2 4 3 30 23
4 2063 2 18 23 20 33
5 2063 3 5 21 13 38
6 2063 3 20 21 58 27
7 2063 4 5 1 36 10
8 2063 4 20 8 34 14
9 2063 5 5 18 27 34
10 2063 5 21 7 18 53
11 2063 6 5 22 16 49
12 2063 6 21 15 1 11
13 2063 7 7 8 24 42
14 2063 7 23 1 52 38
15 2063 8 7 18 19 21
16 2063 8 23 9 8 4
17 2063 9 7 21 32 46
18 2063 9 23 7 7 30
19 2063 10 8 13 36 9
20 2063 10 23 16 52 34
21 2063 11 7 17 11 20
22 2063 11 22 14 47 37
23 2063 12 7 10 20 1
24 2063 12 22 4 20 24
1 2064 1 5 21 40 31
2 2064 1 20 15 0 37
3 2064 2 4 9 14 4
4 2064 2 19 4 58 35
5 2064 3 5 2 58 36
6 2064 3 20 3 37 54
7 2064 4 4 7 23 34
8 2064 4 19 14 15 7
9 2064 5 5 0 17 44
10 2064 5 20 1 1 0
11 2064 6 5 4 9 23
12 2064 6 20 20 44 56
13 2064 7 6 14 18 53
14 2064 7 22 7 38 38
15 2064 8 7 0 13 36
16 2064 8 22 14 55 56
17 2064 9 7 3 25 38
18 2064 9 22 24 56 19
19 2064 10 7 19 27 14
20 2064 10 22 22 41 32
21 2064 11 6 23 0 53
22 2064 11 21 20 36 1
23 2064 12 6 16 8 32
24 2064 12 21 10 8 4
1 2065 1 5 3 28 47
2 2065 1 19 20 48 6
3 2065 2 3 15 2 54
4 2065 2 18 10 46 50
5 2065 3 5 8 48 23
6 2065 3 20 9 27 26
7 2065 4 4 13 13 10
8 2065 4 19 20 5 8
9 2065 5 5 6 4 39
10 2065 5 20 18 49 57
11 2065 6 5 9 51 26
12 2065 6 21 2 31 46
13 2065 7 6 19 56 6
14 2065 7 22 13 23 41
15 2065 8 7 5 48 33
16 2065 8 22 20 40 38
17 2065 9 7 9 1 11
18 2065 9 22 18 41 53
19 2065 10 8 1 5 10
20 2065 10 23 4 28 57
21 2065 11 7 4 41 52
22 2065 11 22 2 25 51
23 2065 12 6 21 52 9
24 2065 12 21 16 0 3
1 2066 1 5 9 14 1
2 2066 1 20 2 41 21
3 2066 2 3 20 48 35
4 2066 2 18 16 39 57
5 2066 3 5 14 33 21
6 2066 3 20 15 19 4
7 2066 4 4 18 56 59
8 2066 4 20 1 54 32
9 2066 5 5 11 47 55
10 2066 5 21 0 36 44
11 2066 6 5 15 35 8
12 2066 6 21 8 15 40
13 2066 7 7 1 41 9
14 2066 7 22 19 5 33
15 2066 8 7 11 36 11
16 2066 8 23 2 22 47
17 2066 9 7 14 52 35
18 2066 9 23 0 26 18
19 2066 10 8 7 0 6
20 2066 10 23 10 15 41
21 2066 11 7 10 38 31
22 2066 11 22 8 12 53
23 2066 12 7 3 47 45
24 2066 12 21 21 44 49
1 2067 1 5 15 6 18
2 2067 1 20 8 22 9
3 2067 2 4 2 36 33
4 2067 2 18 22 16 35
5 2067 3 5 20 17 45
6 2067 3 20 20 52 53
7 2067 4 5 0 39 51
8 2067 4 20 7 27 53
9 2067 5 5 17 31 26
10 2067 5 21 6 12 11
11 2067 6 5 21 20 35
12 2067 6 21 13 55 17
13 2067 7 7 7 28 24
14 2067 7 23 0 49 54
15 2067 8 7 17 24 21
16 2067 8 23 8 11 32
17 2067 9 7 20 41 34
18 2067 9 23 6 18 55
19 2067 10 8 24 50 11
20 2067 10 23 16 11 3
21 2067 11 7 16 29 41
22 2067 11 22 14 9 54
23 2067 12 7 9 39 53
24 2067 12 22 3 42 23
1 2068 1 5 20 58 41
2 2068 1 20 14 19 14
3 2068 2 4 8 28 16
4 2068 2 19 4 12 38
5 2068 3 5 2 8 9
6 2068 3 20 2 48 15
7 2068 4 4 6 28 58
8 2068 4 19 13 23 38
9 2068 5 4 23 19 49
10 2068 5 20 24 9 16
11 2068 6 5 3 8 48
12 2068 6 20 19 53 4
13 2068 7 6 13 16 9
14 2068 7 22 6 45 58
15 2068 8 6 23 10 25
16 2068 8 22 14 3 12
17 2068 9 7 2 25 6
18 2068 9 22 24 6 4
19 2068 10 7 18 32 20
20 2068 10 22 21 56 15
21 2068 11 6 22 12 39
22 2068 11 21 19 56 17
23 2068 12 6 15 25 27
24 2068 12 21 9 31 57
1 2069 1 5 2 47 32
2 2069 1 19 20 12 23
3 2069 2 3 14 20 4
4 2069 2 18 10 8 15
5 2069 3 5 8 1 48
6 2069 3 20 8 44 19
7 2069 4 4 24 23 14
8 2069 4 19 19 17 59
9 2069 5 5 5 13 57
10 2069 5 20 18 0 17
11 2069 6 5 9 2 35
12 2069 6 21 1 40 35
13 2069 7 6 19 10 13
14 2069 7 22 24 31 39
15 2069 8 7 5 5 16
16 2069 8 22 19 48 32
17 2069 9 7 8 19 53
18 2069 9 22 17 51 10
19 2069 10 8 0 26 16
20 2069 10 23 3 41 26
21 2069 11 7 4 6 45
22 2069 11 22 1 42 55
23 2069 12 6 21 21 36
24 2069 12 21 15 21 21
1 2070 1 5 8 46 46
2 2070 1 20 2 4 16
3 2070 2 3 20 21 4
4 2070 2 18 16 0 28
5 2070 3 5 14 1 40
6 2070 3 20 14 34 10
7 2070 4 4 18 19 2
8 2070 4 20 1 3 47
9 2070 5 5 11 4 3
10 2070 5 20 23 42 33
11 2070 6 5 14 47 17
12 2070 6 21 7 21 53
13 2070 7 7 0 51 20
14 2070 7 22 18 14 57
15 2070 8 7 10 45 52
16 2070 8 23 1 36 24
17 2070 9 7 14 3 4
18 2070 9 22 23 44 6
19 2070 10 8 6 12 38
20 2070 10 23 9 37 38
21 2070 11 7 9 54 50
22 2070 11 22 7 40 12
23 2070 12 7 3 10 1
24 2070 12 21 21 18 36
1 2071 1 5 14 35 10
2 2071 1 20 8 1 40
3 2071 2 4 2 10 5
4 2071 2 18 21 58 55
5 2071 3 5 19 51 49
6 2071 3 20 20 33 57
7 2071 4 5 0 9 51
8 2071 4 20 7 4 9
9 2071 5 5 16 54 30
10 2071 5 21 5 42 14
11 2071 6 5 20 37 14
12 2071 6 21 13 20 6
13 2071 7 7 6 42 4
14 2071 7 23 0 11 32
15 2071 8 7 16 38 24
16 2071 8 23 7 31 9
17 2071 9 7 19 57 11
18 2071 9 23 5 37 2
19 2071 10 8 24 7 14
20 2071 10 23 15 28 28
21 2071 11 7 15 47 59
22 2071 11 22 1 28 0
23 2071 12 7 9 0 4
24 2071 12 22 3 3 10
1 2072 1 5 20 22 12
2 2072 1 20 13 44 24
3 2072 2 4 7 56 14
4 2072 2 19 3 42 21
5 2072 3 5 1 40 10
6 2072 3 20 2 20 19
7 2072 4 4 6 2 56
8 2072 4 19 24 54 15
9 2072 5 4 22 52 58
10 2072 5 20 11 34 55
11 2072 6 5 2 39 12
12 2072 6 20 19 13 5
13 2072 7 6 24 44 26
14 2072 7 22 6 3 24
15 2072 8 6 22 38 36
16 2072 8 22 13 21 45
17 2072 9 7 1 54 25
18 2072 9 22 11 27 7
19 2072 10 7 18 2 34
20 2072 10 22 21 19 8
21 2072 11 6 21 43 7
22 2072 11 21 19 19 42
23 2072 12 6 14 55 44
24 2072 12 21 8 55 19
1 2073 1 5 2 18 5
2 2073 1 19 19 36 14
3 2073 2 3 13 52 1
4 2073 2 18 9 34 0
5 2073 3 5 7 35 58
6 2073 3 20 8 12 36
7 2073 4 4 11 58 31
8 2073 4 19 18 47 29
9 2073 5 5 4 47 2
10 2073 5 20 17 28 45
11 2073 6 5 8 29 54
12 2073 6 21 1 6 16
13 2073 7 6 18 30 8
14 2073 7 22 11 54 30
15 2073 8 7 4 19 29
16 2073 8 22 19 10 30
17 2073 9 7 7 32 34
18 2073 9 22 17 14 35
19 2073 10 7 23 40 33
20 2073 10 23 3 7 20
21 2073 11 7 3 23 23
22 2073 11 22 1 10 45
23 2073 12 6 20 39 42
24 2073 12 21 14 49 59
1 2074 1 5 8 5 19
2 2074 1 20 1 33 23
3 2074 2 3 19 40 31
4 2074 2 18 15 31 18
5 2074 3 5 13 23 34
6 2074 3 20 14 8 8
7 2074 4 4 17 44 24
8 2074 4 20 0 40 59
9 2074 5 5 10 32 27
10 2074 5 20 23 20 55
11 2074 6 5 14 16 56
12 2074 6 21 6 57 43
13 2074 7 7 0 20 17
14 2074 7 22 5 45 0
15 2074 8 7 10 12 32
16 2074 8 23 0 59 51
17 2074 9 7 13 27 34
18 2074 9 22 23 3 5
19 2074 10 8 5 36 32
20 2074 10 23 8 55 5
21 2074 11 7 9 19 1
22 2074 11 22 6 57 11
23 2074 12 7 2 33 42
24 2074 12 21 20 34 32
1 2075 1 5 13 57 6
2 2075 1 20 7 15 46
3 2075 2 4 1 29 52
4 2075 2 18 21 11 17
5 2075 3 5 19 10 37
6 2075 3 20 19 45 52
7 2075 4 4 23 30 17
8 2075 4 20 6 17 41
9 2075 5 5 16 18 57
10 2075 5 21 4 58 51
11 2075 6 5 20 5 57
12 2075 6 21 24 39 43
13 2075 7 7 6 12 45
14 2075 7 22 23 32 45
15 2075 8 7 16 7 40
16 2075 8 23 6 52 31
17 2075 9 7 19 23 13
18 2075 9 23 4 58 7
19 2075 10 8 11 30 45
20 2075 10 23 14 49 54
21 2075 11 7 15 10 54
22 2075 11 22 24 50 30
23 2075 12 7 8 23 46
24 2075 12 22 2 26 22
1 2076 1 5 19 46 19
2 2076 1 20 13 6 57
3 2076 2 4 7 19 9
4 2076 2 19 3 2 41
5 2076 3 5 1 0 12
6 2076 3 20 1 38 7
7 2076 4 4 5 19 38
8 2076 4 19 24 11 14
9 2076 5 4 22 7 39
10 2076 5 20 10 54 6
11 2076 6 5 1 53 50
12 2076 6 20 18 36 3
13 2076 7 6 11 59 42
14 2076 7 22 5 28 59
15 2076 8 6 21 53 51
16 2076 8 22 24 47 0
17 2076 9 7 1 8 19
18 2076 9 22 10 49 32
19 2076 10 7 17 14 11
20 2076 10 22 20 38 18
21 2076 11 6 20 52 48
22 2076 11 21 18 37 1
23 2076 12 6 14 4 49
24 2076 12 21 8 12 42
1 2077 1 5 1 27 45
2 2077 1 19 18 54 41
3 2077 2 3 13 2 23
4 2077 2 18 8 52 52
5 2077 3 5 6 46 6
6 2077 3 20 7 30 24
7 2077 4 4 11 8 0
8 2077 4 19 18 3 42
9 2077 5 5 3 57 20
10 2077 5 20 16 44 18
11 2077 6 5 7 43 50
12 2077 6 21 0 22 45
13 2077 7 6 17 50 11
14 2077 7 22 11 13 10
15 2077 8 7 3 45 48
16 2077 8 22 18 31 8
17 2077 9 7 7 2 27
18 2077 9 22 16 35 10
19 2077 10 7 23 10 5
20 2077 10 23 2 25 19
21 2077 11 7 2 49 35
22 2077 11 22 0 24 41
23 2077 12 6 20 1 45
24 2077 12 21 14 0 8
1 2078 1 5 7 24 5
2 2078 1 20 0 40 40
3 2078 2 3 18 56 39
4 2078 2 18 14 36 3
5 2078 3 5 24 37 12
6 2078 3 20 13 10 7
7 2078 4 4 16 55 25
8 2078 4 19 23 40 11
9 2078 5 5 9 40 56
10 2078 5 20 22 18 39
11 2078 6 5 13 24 4
12 2078 6 21 5 57 16
13 2078 7 6 23 28 6
14 2078 7 22 16 50 15
15 2078 8 7 9 23 29
16 2078 8 23 0 13 14
17 2078 9 7 24 42 58
18 2078 9 22 22 23 50
19 2078 10 8 4 55 20
20 2078 10 23 8 19 48
21 2078 11 7 8 38 42
22 2078 11 22 6 22 12
23 2078 12 7 1 52 6
24 2078 12 21 19 57 16
1 2079 1 5 13 12 47
2 2079 1 20 6 35 13
3 2079 2 4 0 42 29
4 2079 2 18 20 27 40
5 2079 3 5 18 20 17
6 2079 3 20 18 59 59
7 2079 4 4 22 36 41
8 2079 4 20 5 29 52
9 2079 5 5 15 21 36
10 2079 5 21 4 9 11
11 2079 6 5 19 5 14
12 2079 6 21 11 48 37
13 2079 7 7 5 11 3
14 2079 7 22 22 41 53
15 2079 8 7 15 8 40
16 2079 8 23 6 3 42
17 2079 9 7 18 29 36
18 2079 9 23 4 12 30
19 2079 10 8 10 42 45
20 2079 10 23 14 7 17
21 2079 11 7 14 26 26
22 2079 11 22 24 8 59
23 2079 12 7 7 39 23
24 2079 12 22 1 43 21
1 2080 1 5 18 58 55
2 2080 1 20 24 20 17
3 2080 2 4 6 27 15
4 2080 2 19 2 11 42
5 2080 3 5 0 4 27
6 2080 3 20 0 43 25
7 2080 4 4 4 22 1
8 2080 4 19 11 13 40
9 2080 5 4 21 9 58
10 2080 5 20 9 53 45
11 2080 6 5 0 57 7
12 2080 6 20 17 33 26
13 2080 7 6 11 4 58
14 2080 7 22 4 26 12
15 2080 8 6 21 2 28
16 2080 8 22 11 47 19
17 2080 9 7 0 21 47
18 2080 9 22 9 55 45
19 2080 10 7 16 33 42
20 2080 10 22 19 51 21
21 2080 11 6 20 17 59
22 2080 11 21 17 55 11
23 2080 12 6 13 33 11
24 2080 12 21 7 32 10
1 2081 1 5 0 55 20
2 2081 1 19 18 11 5
3 2081 2 3 24 25 14
4 2081 2 18 8 3 6
5 2081 3 5 6 2 2
6 2081 3 20 6 33 35
7 2081 4 4 10 16 33
8 2081 4 19 17 0 52
9 2081 5 5 2 59 17
10 2081 5 20 15 37 57
11 2081 6 5 6 40 29
12 2081 6 20 23 15 43
13 2081 7 6 16 42 52
14 2081 7 22 10 7 30
15 2081 8 7 2 36 24
16 2081 8 22 17 28 25
17 2081 9 7 5 53 58
18 2081 9 22 15 37 10
19 2081 10 7 22 5 53
20 2081 10 23 1 33 53
21 2081 11 7 1 52 7
22 2081 11 21 23 40 33
23 2081 12 6 19 11 9
24 2081 12 21 13 21 52
1 2082 1 5 6 37 56
2 2082 1 20 0 5 7
3 2082 2 3 18 11 32
4 2082 2 18 13 59 41
5 2082 3 5 11 49 29
6 2082 3 20 24 29 57
7 2082 4 4 16 2 28
8 2082 4 19 22 54 42
9 2082 5 5 8 42 17
10 2082 5 20 21 28 6
11 2082 6 5 24 21 31
12 2082 6 21 5 2 38
13 2082 7 6 22 24 26
14 2082 7 22 15 52 24
15 2082 8 7 8 20 42
16 2082 8 22 23 12 49
17 2082 9 7 11 41 57
18 2082 9 22 21 22 20
19 2082 10 8 3 56 51
20 2082 10 23 7 19 26
21 2082 11 7 7 43 36
22 2082 11 22 5 24 49
23 2082 12 7 1 0 55
24 2082 12 21 19 4 2
1 2083 1 5 24 25 30
2 2083 1 20 5 45 41
3 2083 2 3 23 57 42
4 2083 2 18 19 39 34
5 2083 3 5 17 35 33
6 2083 3 20 18 9 52
7 2083 4 4 21 49 37
8 2083 4 20 4 34 49
9 2083 5 5 14 30 56
10 2083 5 21 3 8 11
11 2083 6 5 18 11 18
12 2083 6 21 10 43 15
13 2083 7 7 4 15 11
14 2083 7 22 21 35 7
15 2083 8 7 14 12 11
16 2083 8 23 4 58 36
17 2083 9 7 17 33 52
18 2083 9 23 3 10 59
19 2083 10 8 9 48 50
20 2083 10 23 13 9 42
21 2083 11 7 13 35 4
22 2083 11 22 11 14 58
23 2083 12 7 6 51 11
24 2083 12 22 0 52 45
1 2084 1 5 18 14 23
2 2084 1 20 11 32 57
3 2084 2 4 5 45 58
4 2084 2 19 1 26 46
5 2084 3 4 23 24 25
6 2084 3 19 23 58 49
7 2084 4 4 3 39 49
8 2084 4 19 10 27 1
9 2084 5 4 20 22 18
10 2084 5 20 9 3 46
11 2084 6 5 0 2 6
12 2084 6 20 16 39 57
13 2084 7 6 10 2 51
14 2084 7 22 3 29 57
15 2084 8 6 19 55 43
16 2084 8 22 10 49 48
17 2084 9 6 23 13 44
18 2084 9 22 8 58 28
19 2084 10 7 15 26 37
20 2084 10 22 18 55 19
21 2084 11 6 19 12 55
22 2084 11 21 17 1 5
23 2084 12 6 24 30 34
24 2084 12 21 6 40 39
1 2085 1 4 23 55 39
2 2085 1 19 17 22 59
3 2085 2 3 11 29 12
4 2085 2 18 7 18 55
5 2085 3 5 5 9 51
6 2085 3 20 5 52 54
7 2085 4 4 9 27 39
8 2085 4 19 16 22 10
9 2085 5 5 2 12 23
10 2085 5 20 14 58 21
11 2085 6 5 5 53 58
12 2085 6 20 22 32 13
13 2085 7 6 15 55 43
14 2085 7 22 9 18 50
15 2085 8 7 1 48 49
16 2085 8 22 16 35 49
17 2085 9 7 5 6 51
18 2085 9 22 14 42 54
19 2085 10 7 21 19 50
20 2085 10 23 0 39 34
21 2085 11 7 1 6 59
22 2085 11 21 22 46 36
23 2085 12 6 18 26 27
24 2085 12 21 24 28 8
1 2086 1 5 5 53 2
2 2086 1 19 23 11 0
3 2086 2 3 17 25 47
4 2086 2 18 13 4 43
5 2086 3 5 11 3 15
6 2086 3 20 11 34 39
7 2086 4 4 15 16 59
8 2086 4 19 21 59 54
9 2086 5 5 7 58 17
10 2086 5 20 20 34 2
11 2086 6 5 11 38 3
12 2086 6 21 4 9 0
13 2086 7 6 21 39 27
14 2086 7 22 14 59 5
15 2086 8 7 7 32 50
16 2086 8 22 22 20 18
17 2086 9 7 10 51 50
18 2086 9 22 20 31 37
19 2086 10 8 3 6 28
20 2086 10 23 6 31 34
21 2086 11 7 6 55 7
22 2086 11 22 4 40 18
23 2086 12 7 0 15 17
24 2086 12 21 18 22 4
1 2087 1 5 11 41 58
2 2087 1 20 5 4 37
3 2087 2 3 23 14 33
4 2087 2 18 18 58 3
5 2087 3 5 16 51 21
6 2087 3 20 17 27 43
7 2087 4 4 21 3 53
8 2087 4 20 3 53 12
9 2087 5 5 13 44 6
10 2087 5 21 2 28 25
11 2087 6 5 17 23 54
12 2087 6 21 10 5 24
13 2087 7 7 3 27 23
14 2087 7 22 20 57 41
15 2087 8 7 13 23 44
16 2087 8 23 4 19 6
17 2087 9 7 16 43 46
18 2087 9 23 2 27 44
19 2087 10 8 8 56 56
20 2087 10 23 24 23 39
21 2087 11 7 24 42 37
22 2087 11 22 10 28 36
23 2087 12 7 5 59 45
24 2087 12 22 0 7 57
1 2088 1 5 17 24 38
2 2088 1 20 10 50 2
3 2088 2 4 4 57 30
4 2088 2 19 0 44 45
5 2088 3 4 22 36 26
6 2088 3 19 23 16 27
7 2088 4 4 2 52 10
8 2088 4 19 9 43 37
9 2088 5 4 19 36 7
10 2088 5 20 8 19 36
11 2088 6 4 23 19 25
12 2088 6 20 15 56 9
13 2088 7 6 9 25 22
14 2088 7 22 2 47 38
15 2088 8 6 19 23 1
16 2088 8 22 10 8 57
17 2088 9 6 22 43 21
18 2088 9 22 8 17 44
19 2088 10 7 14 55 44
20 2088 10 22 18 13 9
21 2088 11 6 18 40 6
22 2088 11 21 16 17 9
23 2088 12 6 11 56 8
24 2088 12 21 5 55 39
1 2089 1 4 23 20 36
2 2089 1 19 16 37 38
3 2089 2 3 10 54 1
4 2089 2 18 6 33 15
5 2089 3 5 4 34 2
6 2089 3 20 5 6 2
7 2089 4 4 8 49 48
8 2089 4 19 15 32 57
9 2089 5 5 1 31 14
10 2089 5 20 14 7 25
11 2089 6 5 5 9 54
12 2089 6 20 21 42 26
13 2089 7 6 15 10 32
14 2089 7 22 8 33 7
15 2089 8 7 1 4 4
16 2089 8 22 15 55 13
17 2089 9 7 4 23 24
18 2089 9 22 14 6 23
19 2089 10 7 20 37 23
20 2089 10 23 0 4 48
21 2089 11 7 0 24 14
22 2089 11 21 22 11 22
23 2089 12 6 17 42 23
24 2089 12 21 11 51 31
1 2090 1 5 5 8 5
2 2090 1 19 22 34 3
3 2090 2 3 16 41 39
4 2090 2 18 24 29 18
5 2090 3 5 10 20 53
6 2090 3 20 11 1 22
7 2090 4 4 14 35 35
8 2090 4 19 21 27 47
9 2090 5 5 7 16 7
10 2090 5 20 20 1 32
11 2090 6 5 10 54 22
12 2090 6 21 3 35 23
13 2090 7 6 20 55 59
14 2090 7 22 14 24 56
15 2090 8 7 6 52 11
16 2090 8 22 21 46 38
17 2090 9 7 10 15 16
18 2090 9 22 19 58 51
19 2090 10 8 2 33 10
20 2090 10 23 5 58 48
21 2090 11 7 6 22 6
22 2090 11 22 4 5 20
23 2090 12 6 23 39 14
24 2090 12 21 17 43 4
1 2091 1 5 11 1 19
2 2091 1 20 4 21 32
3 2091 2 3 22 30 12
4 2091 2 18 18 12 24
5 2091 3 5 16 5 42
6 2091 3 20 16 41 21
7 2091 4 4 20 19 32
8 2091 4 20 3 7 1
9 2091 5 5 13 2 29
10 2091 5 21 1 42 9
11 2091 6 5 16 44 52
12 2091 6 21 9 18 27
13 2091 7 7 2 50 18
14 2091 7 22 20 11 1
15 2091 8 7 24 48 53
16 2091 8 23 3 35 46
17 2091 9 7 16 12 51
18 2091 9 23 1 50 22
19 2091 10 8 8 30 50
20 2091 10 23 11 52 0
21 2091 11 7 24 20 8
22 2091 11 22 9 59 49
23 2091 12 7 5 37 57
24 2091 12 21 23 38 3
1 2092 1 5 17 0 10
2 2092 1 20 10 15 56
3 2092 2 4 4 28 12
4 2092 2 19 0 5 23
5 2092 3 4 22 2 1
6 2092 3 19 22 33 4
7 2092 4 4 2 13 59
8 2092 4 19 8 58 48
9 2092 5 4 18 55 41
10 2092 5 20 7 35 58
11 2092 6 4 22 37 9
12 2092 6 20 15 14 28
13 2092 7 6 8 40 22
14 2092 7 22 2 7 12
15 2092 8 6 18 35 26
16 2092 8 22 9 29 47
17 2092 9 6 21 55 38
18 2092 9 22 7 41 20
19 2092 10 7 14 11 5
20 2092 10 22 17 41 14
21 2092 11 6 18 0 19
22 2092 11 21 15 50 1
23 2092 12 6 11 20 30
24 2092 12 21 5 31 27
1 2093 1 4 22 46 26
2 2093 1 19 16 13 10
3 2093 2 3 10 18 0
4 2093 2 18 6 5 34
5 2093 3 5 3 53 49
6 2093 3 20 4 34 2
7 2093 4 4 8 5 38
8 2093 4 19 2 58 0
9 2093 5 5 0 45 43
10 2093 5 20 13 31 33
11 2093 6 5 4 26 0
12 2093 6 20 21 6 34
13 2093 7 6 14 30 4
14 2093 7 22 7 56 52
15 2093 8 7 0 27 8
16 2093 8 22 15 17 55
17 2093 9 7 3 49 9
18 2093 9 22 13 28 26
19 2093 10 7 20 5 27
20 2093 10 22 23 27 47
21 2093 11 6 23 55 12
22 2093 11 21 21 37 5
23 2093 12 6 17 16 43
24 2093 12 21 11 20 17
1 2094 1 5 4 44 25
2 2094 1 19 22 3 28
3 2094 2 3 16 16 28
4 2094 2 18 11 55 27
5 2094 3 5 9 50 52
6 2094 3 20 10 21 4
7 2094 4 4 13 59 25
8 2094 4 19 20 40 22
9 2094 5 5 6 35 8
10 2094 5 20 19 9 5
11 2094 6 5 10 11 23
12 2094 6 21 2 41 49
13 2094 7 6 20 13 26
14 2094 7 22 13 33 51
15 2094 8 7 6 11 5
16 2094 8 22 20 59 46
17 2094 9 7 9 35 31
18 2094 9 22 19 16 5
19 2094 10 8 1 54 45
20 2094 10 23 5 19 42
21 2094 11 7 5 46 9
22 2094 11 22 3 30 23
23 2094 12 6 23 7 32
24 2094 12 21 17 12 51
1 2095 1 5 10 34 29
2 2095 1 20 3 55 13
3 2095 2 3 22 6 31
4 2095 2 18 17 47 29
5 2095 3 5 15 41 26
6 2095 3 20 16 14 26
7 2095 4 4 19 50 19
8 2095 4 20 2 35 26
9 2095 5 5 24 25 20
10 2095 5 21 1 5 20
11 2095 6 5 15 59 51
12 2095 6 21 8 38 21
13 2095 7 7 2 0 27
14 2095 7 22 19 30 25
15 2095 8 7 11 58 6
16 2095 8 23 2 55 50
17 2095 9 7 15 22 56
18 2095 9 23 1 10 38
19 2095 10 8 7 41 57
20 2095 10 23 11 12 15
21 2095 11 7 11 32 6
22 2095 11 22 9 20 30
23 2095 12 7 4 51 4
24 2095 12 21 23 0 21
1 2096 1 5 16 15 22
2 2096 1 20 9 40 59
3 2096 2 4 3 46 19
4 2096 2 18 23 33 26
5 2096 3 4 21 22 36
6 2096 3 19 22 2 25
7 2096 4 4 1 35 11
8 2096 4 19 8 26 10
9 2096 5 4 18 15 5
10 2096 5 20 6 58 0
11 2096 6 4 21 53 52
12 2096 6 20 14 30 17
13 2096 7 6 7 56 3
14 2096 7 22 1 18 59
15 2096 8 6 17 52 51
16 2096 8 22 8 41 3
17 2096 9 6 21 16 28
18 2096 9 22 6 54 13
19 2096 10 7 13 34 49
20 2096 10 22 16 55 46
21 2096 11 6 17 25 21
22 2096 11 21 15 4 58
23 2096 12 6 10 45 17
24 2096 12 21 4 45 43
1 2097 1 4 22 10 20
2 2097 1 19 15 26 40
3 2097 2 3 9 41 26
4 2097 2 18 5 19 6
5 2097 3 5 3 17 45
6 2097 3 20 3 47 52
7 2097 4 4 7 29 40
8 2097 4 19 14 10 46
9 2097 5 5 0 7 38
10 2097 5 20 24 41 28
11 2097 6 5 3 43 10
12 2097 6 20 20 12 53
13 2097 7 6 13 40 52
14 2097 7 22 7 0 28
15 2097 8 6 23 32 22
16 2097 8 22 14 21 36
17 2097 9 7 2 52 21
18 2097 9 22 24 35 20
19 2097 10 7 19 10 24
20 2097 10 22 22 39 17
21 2097 11 6 23 3 21
22 2097 11 21 20 52 12
23 2097 12 6 16 27 16
24 2097 12 21 10 36 55
1 2098 1 5 3 55 54
2 2098 1 19 21 20 24
3 2098 2 3 15 28 28
4 2098 2 18 11 12 50
5 2098 3 5 9 3 28
6 2098 3 20 9 39 54
7 2098 4 4 13 12 44
8 2098 4 19 20 1 13
9 2098 5 5 5 48 19
10 2098 5 20 18 31 3
11 2098 6 5 9 22 51
12 2098 6 21 2 2 27
13 2098 7 6 19 21 48
14 2098 7 22 24 50 27
15 2098 8 7 5 15 59
16 2098 8 22 20 11 9
17 2098 9 7 8 38 10
18 2098 9 22 18 23 41
19 2098 10 8 0 57 24
20 2098 10 23 4 26 23
21 2098 11 7 4 50 9
22 2098 11 22 2 37 36
23 2098 12 6 22 12 22
24 2098 12 21 16 20 18
1 2099 1 5 9 38 45
2 2099 1 20 3 1 45
3 2099 2 3 21 8 58
4 2099 2 18 16 52 6
5 2099 3 5 14 42 5
6 2099 3 20 15 17 10
7 2099 4 4 18 50 53
8 2099 4 20 1 37 24
9 2099 5 5 11 28 31
10 2099 5 21 0 7 47
11 2099 6 5 15 7 14
12 2099 6 21 7 41 6
13 2099 7 7 1 11 8
14 2099 7 22 18 32 23
15 2099 8 7 11 9 40
16 2099 8 23 1 56 33
17 2099 9 7 14 33 38
18 2099 9 23 0 10 33
19 2099 10 8 6 51 40
20 2099 10 23 10 12 23
21 2099 11 7 10 42 6
22 2099 11 22 8 22 4
23 2099 12 7 4 2 45
24 2099 12 21 22 3 49
