1 1 1900 	12
1 31 1900 	1
3 1 1900 	2
3 31 1900 	3
4 29 1900 	4
5 28 1900 	5
6 27 1900 	6
7 26 1900 	7
8 25 1900 	8
9 24 1900 	8
10 23 1900 	9
11 22 1900 	10
12 22 1900 	11
1 20 1901 	12
2 19 1901 	1
3 20 1901 	2
4 19 1901 	3
5 18 1901 	4
6 16 1901 	5
7 16 1901 	6
8 14 1901 	7
9 13 1901 	8
10 12 1901 	9
11 11 1901 	10
12 11 1901 	11
1 10 1902 	12
2 8 1902 	1
3 10 1902 	2
4 8 1902 	3
5 8 1902 	4
6 6 1902 	5
7 5 1902 	6
8 4 1902 	7
9 2 1902 	8
10 2 1902 	9
10 31 1902 	10
11 30 1902 	11
12 30 1902 	12
1 29 1903 	1
2 27 1903 	2
3 29 1903 	3
4 27 1903 	4
5 27 1903 	5
6 25 1903 	5
7 24 1903 	6
8 23 1903 	7
9 21 1903 	8
10 20 1903 	9
11 19 1903 	10
12 19 1903 	11
1 17 1904 	12
2 16 1904 	1
3 17 1904 	2
4 16 1904 	3
5 15 1904 	4
6 14 1904 	5
7 13 1904 	6
8 11 1904 	7
9 10 1904 	8
10 9 1904 	9
11 7 1904 	10
12 7 1904 	11
1 6 1905 	12
2 4 1905 	1
3 6 1905 	2
4 5 1905 	3
5 4 1905 	4
6 3 1905 	5
7 3 1905 	6
8 1 1905 	7
8 30 1905 	8
9 29 1905 	9
10 28 1905 	10
11 27 1905 	11
12 26 1905 	12
1 25 1906 	1
2 23 1906 	2
3 25 1906 	3
4 24 1906 	4
5 23 1906 	4
6 22 1906 	5
7 21 1906 	6
8 20 1906 	7
9 18 1906 	8
10 18 1906 	9
11 16 1906 	10
12 16 1906 	11
1 14 1907 	12
2 13 1907 	1
3 14 1907 	2
4 13 1907 	3
5 12 1907 	4
6 11 1907 	5
7 10 1907 	6
8 9 1907 	7
9 8 1907 	8
10 7 1907 	9
11 6 1907 	10
12 5 1907 	11
1 4 1908 	12
2 2 1908 	1
3 3 1908 	2
4 1 1908 	3
4 30 1908 	4
5 30 1908 	5
6 29 1908 	6
7 28 1908 	7
8 27 1908 	8
9 25 1908 	9
10 25 1908 	10
11 24 1908 	11
12 23 1908 	12
1 22 1909 	1
2 20 1909 	2
3 22 1909 	2
4 20 1909 	3
5 19 1909 	4
6 18 1909 	5
7 17 1909 	6
8 16 1909 	7
9 14 1909 	8
10 14 1909 	9
11 13 1909 	10
12 13 1909 	11
1 11 1910 	12
2 10 1910 	1
3 11 1910 	2
4 10 1910 	3
5 9 1910 	4
6 7 1910 	5
7 7 1910 	6
8 5 1910 	7
9 4 1910 	8
10 3 1910 	9
11 2 1910 	10
12 2 1910 	11
1 1 1911 	12
1 30 1911 	1
3 1 1911 	2
3 30 1911 	3
4 29 1911 	4
5 28 1911 	5
6 26 1911 	6
7 26 1911 	6
8 24 1911 	7
9 22 1911 	8
10 22 1911 	9
11 21 1911 	10
12 20 1911 	11
1 19 1912 	12
2 18 1912 	1
3 19 1912 	2
4 17 1912 	3
5 17 1912 	4
6 15 1912 	5
7 14 1912 	6
8 13 1912 	7
9 11 1912 	8
10 10 1912 	9
11 9 1912 	10
12 9 1912 	11
1 7 1913 	12
2 6 1913 	1
3 8 1913 	2
4 7 1913 	3
5 6 1913 	4
6 5 1913 	5
7 4 1913 	6
8 2 1913 	7
9 1 1913 	8
9 30 1913 	9
10 29 1913 	10
11 28 1913 	11
12 27 1913 	12
1 26 1914 	1
2 25 1914 	2
3 27 1914 	3
4 25 1914 	4
5 25 1914 	5
6 23 1914 	5
7 23 1914 	6
8 21 1914 	7
9 20 1914 	8
10 19 1914 	9
11 18 1914 	10
12 17 1914 	11
1 15 1915 	12
2 14 1915 	1
3 16 1915 	2
4 14 1915 	3
5 14 1915 	4
6 13 1915 	5
7 12 1915 	6
8 11 1915 	7
9 9 1915 	8
10 9 1915 	9
11 7 1915 	10
12 7 1915 	11
1 5 1916 	12
2 4 1916 	1
3 4 1916 	2
4 3 1916 	3
5 2 1916 	4
6 1 1916 	5
6 30 1916 	6
7 30 1916 	7
8 29 1916 	8
9 27 1916 	9
10 27 1916 	10
11 25 1916 	11
12 25 1916 	12
1 23 1917 	1
2 22 1917 	2
3 23 1917 	2
4 21 1917 	3
5 21 1917 	4
6 19 1917 	5
7 19 1917 	6
8 18 1917 	7
9 16 1917 	8
10 16 1917 	9
11 15 1917 	10
12 14 1917 	11
1 13 1918 	12
2 11 1918 	1
3 13 1918 	2
4 11 1918 	3
5 10 1918 	4
6 9 1918 	5
7 8 1918 	6
8 7 1918 	7
9 5 1918 	8
10 5 1918 	9
11 4 1918 	10
12 3 1918 	11
1 2 1919 	12
2 1 1919 	1
3 2 1919 	2
4 1 1919 	3
4 30 1919 	4
5 29 1919 	5
6 28 1919 	6
7 27 1919 	7
8 25 1919 	7
9 24 1919 	8
10 24 1919 	9
11 22 1919 	10
12 22 1919 	11
1 21 1920 	12
2 20 1920 	1
3 20 1920 	2
4 19 1920 	3
5 18 1920 	4
6 16 1920 	5
7 16 1920 	6
8 14 1920 	7
9 12 1920 	8
10 12 1920 	9
11 11 1920 	10
12 10 1920 	11
1 9 1921 	12
2 8 1921 	1
3 10 1921 	2
4 8 1921 	3
5 8 1921 	4
6 6 1921 	5
7 5 1921 	6
8 4 1921 	7
9 2 1921 	8
10 1 1921 	9
10 31 1921 	10
11 29 1921 	11
12 29 1921 	12
1 28 1922 	1
2 27 1922 	2
3 28 1922 	3
4 27 1922 	4
5 27 1922 	5
6 25 1922 	5
7 24 1922 	6
8 23 1922 	7
9 21 1922 	8
10 20 1922 	9
11 19 1922 	10
12 18 1922 	11
1 17 1923 	12
2 16 1923 	1
3 17 1923 	2
4 16 1923 	3
5 16 1923 	4
6 14 1923 	5
7 14 1923 	6
8 12 1923 	7
9 11 1923 	8
10 10 1923 	9
11 8 1923 	10
12 8 1923 	11
1 6 1924 	12
2 5 1924 	1
3 5 1924 	2
4 4 1924 	3
5 4 1924 	4
6 2 1924 	5
7 2 1924 	6
8 1 1924 	7
8 30 1924 	8
9 29 1924 	9
10 28 1924 	10
11 27 1924 	11
12 26 1924 	12
1 24 1925 	1
2 23 1925 	2
3 24 1925 	3
4 23 1925 	4
5 22 1925 	4
6 21 1925 	5
7 21 1925 	6
8 19 1925 	7
9 18 1925 	8
10 18 1925 	9
11 16 1925 	10
12 16 1925 	11
1 14 1926 	12
2 13 1926 	1
3 14 1926 	2
4 12 1926 	3
5 12 1926 	4
6 10 1926 	5
7 10 1926 	6
8 8 1926 	7
9 7 1926 	8
10 7 1926 	9
11 5 1926 	10
12 5 1926 	11
1 4 1927 	12
2 2 1927 	1
3 4 1927 	2
4 2 1927 	3
5 1 1927 	4
5 31 1927 	5
6 29 1927 	6
7 29 1927 	7
8 27 1927 	8
9 26 1927 	9
10 25 1927 	10
11 24 1927 	11
12 24 1927 	12
1 23 1928 	1
2 21 1928 	2
3 22 1928 	2
4 20 1928 	3
5 19 1928 	4
6 18 1928 	5
7 17 1928 	6
8 15 1928 	7
9 14 1928 	8
10 13 1928 	9
11 12 1928 	10
12 12 1928 	11
1 11 1929 	12
2 10 1929 	1
3 11 1929 	2
4 10 1929 	3
5 9 1929 	4
6 7 1929 	5
7 7 1929 	6
8 5 1929 	7
9 3 1929 	8
10 3 1929 	9
11 1 1929 	10
12 1 1929 	11
12 31 1929 	12
1 30 1930 	1
2 28 1930 	2
3 30 1930 	3
4 29 1930 	4
5 28 1930 	5
6 26 1930 	6
7 26 1930 	6
8 24 1930 	7
9 22 1930 	8
10 22 1930 	9
11 20 1930 	10
12 20 1930 	11
1 19 1931 	12
2 17 1931 	1
3 19 1931 	2
4 18 1931 	3
5 17 1931 	4
6 16 1931 	5
7 15 1931 	6
8 14 1931 	7
9 12 1931 	8
10 11 1931 	9
11 10 1931 	10
12 9 1931 	11
1 8 1932 	12
2 6 1932 	1
3 7 1932 	2
4 6 1932 	3
5 6 1932 	4
6 4 1932 	5
7 4 1932 	6
8 2 1932 	7
9 1 1932 	8
9 30 1932 	9
10 29 1932 	10
11 28 1932 	11
12 27 1932 	12
1 26 1933 	1
2 24 1933 	2
3 26 1933 	3
4 25 1933 	4
5 24 1933 	5
6 23 1933 	5
7 23 1933 	6
8 21 1933 	7
9 20 1933 	8
10 19 1933 	9
11 18 1933 	10
12 17 1933 	11
1 15 1934 	12
2 14 1934 	1
3 15 1934 	2
4 14 1934 	3
5 13 1934 	4
6 12 1934 	5
7 12 1934 	6
8 10 1934 	7
9 9 1934 	8
10 8 1934 	9
11 7 1934 	10
12 7 1934 	11
1 5 1935 	12
2 4 1935 	1
3 5 1935 	2
4 3 1935 	3
5 3 1935 	4
6 1 1935 	5
7 1 1935 	6
7 30 1935 	7
8 29 1935 	8
9 28 1935 	9
10 27 1935 	10
11 26 1935 	11
12 26 1935 	12
1 24 1936 	1
2 23 1936 	2
3 23 1936 	3
4 21 1936 	3
5 21 1936 	4
6 19 1936 	5
7 18 1936 	6
8 17 1936 	7
9 16 1936 	8
10 15 1936 	9
11 14 1936 	10
12 14 1936 	11
1 13 1937 	12
2 11 1937 	1
3 13 1937 	2
4 11 1937 	3
5 10 1937 	4
6 9 1937 	5
7 8 1937 	6
8 6 1937 	7
9 5 1937 	8
10 4 1937 	9
11 3 1937 	10
12 3 1937 	11
1 2 1938 	12
1 31 1938 	1
3 2 1938 	2
4 1 1938 	3
4 30 1938 	4
5 29 1938 	5
6 28 1938 	6
7 27 1938 	7
8 25 1938 	7
9 24 1938 	8
10 23 1938 	9
11 22 1938 	10
12 22 1938 	11
1 20 1939 	12
2 19 1939 	1
3 21 1939 	2
4 20 1939 	3
5 19 1939 	4
6 17 1939 	5
7 17 1939 	6
8 15 1939 	7
9 13 1939 	8
10 13 1939 	9
11 11 1939 	10
12 11 1939 	11
1 9 1940 	12
2 8 1940 	1
3 9 1940 	2
4 8 1940 	3
5 7 1940 	4
6 6 1940 	5
7 5 1940 	6
8 4 1940 	7
9 2 1940 	8
10 1 1940 	9
10 31 1940 	10
11 29 1940 	11
12 29 1940 	12
1 27 1941 	1
2 26 1941 	2
3 28 1941 	3
4 26 1941 	4
5 26 1941 	5
6 25 1941 	6
7 24 1941 	6
8 23 1941 	7
9 21 1941 	8
10 20 1941 	9
11 19 1941 	10
12 18 1941 	11
1 17 1942 	12
2 15 1942 	1
3 17 1942 	2
4 15 1942 	3
5 15 1942 	4
6 14 1942 	5
7 13 1942 	6
8 12 1942 	7
9 10 1942 	8
10 10 1942 	9
11 8 1942 	10
12 8 1942 	11
1 6 1943 	12
2 5 1943 	1
3 6 1943 	2
4 5 1943 	3
5 4 1943 	4
6 3 1943 	5
7 2 1943 	6
8 1 1943 	7
8 31 1943 	8
9 29 1943 	9
10 29 1943 	10
11 27 1943 	11
12 27 1943 	12
1 25 1944 	1
2 24 1944 	2
3 24 1944 	3
4 23 1944 	4
5 22 1944 	4
6 21 1944 	5
7 20 1944 	6
8 19 1944 	7
9 17 1944 	8
10 17 1944 	9
11 16 1944 	10
12 15 1944 	11
1 14 1945 	12
2 13 1945 	1
3 14 1945 	2
4 12 1945 	3
5 12 1945 	4
6 10 1945 	5
7 9 1945 	6
8 8 1945 	7
9 6 1945 	8
10 6 1945 	9
11 5 1945 	10
12 5 1945 	11
1 3 1946 	12
2 2 1946 	1
3 4 1946 	2
4 2 1946 	3
5 1 1946 	4
5 31 1946 	5
6 29 1946 	6
7 28 1946 	7
8 27 1946 	8
9 25 1946 	9
10 25 1946 	10
11 24 1946 	11
12 23 1946 	12
1 22 1947 	1
2 21 1947 	2
3 23 1947 	2
4 21 1947 	3
5 20 1947 	4
6 19 1947 	5
7 18 1947 	6
8 16 1947 	7
9 15 1947 	8
10 14 1947 	9
11 13 1947 	10
12 12 1947 	11
1 11 1948 	12
2 10 1948 	1
3 11 1948 	2
4 9 1948 	3
5 9 1948 	4
6 7 1948 	5
7 7 1948 	6
8 5 1948 	7
9 3 1948 	8
10 3 1948 	9
11 1 1948 	10
12 1 1948 	11
12 30 1948 	12
1 29 1949 	1
2 28 1949 	2
3 29 1949 	3
4 28 1949 	4
5 28 1949 	5
6 26 1949 	6
7 26 1949 	7
8 24 1949 	7
9 22 1949 	8
10 22 1949 	9
11 20 1949 	10
12 20 1949 	11
1 18 1950 	12
2 17 1950 	1
3 18 1950 	2
4 17 1950 	3
5 17 1950 	4
6 16 1950 	5
7 15 1950 	6
8 14 1950 	7
9 12 1950 	8
10 11 1950 	9
11 10 1950 	10
12 9 1950 	11
1 8 1951 	12
2 6 1951 	1
3 8 1951 	2
4 6 1951 	3
5 6 1951 	4
6 5 1951 	5
7 4 1951 	6
8 3 1951 	7
9 1 1951 	8
10 1 1951 	9
10 30 1951 	10
11 29 1951 	11
12 28 1951 	12
1 27 1952 	1
2 25 1952 	2
3 26 1952 	3
4 24 1952 	4
5 24 1952 	5
6 22 1952 	5
7 22 1952 	6
8 21 1952 	7
9 19 1952 	8
10 19 1952 	9
11 17 1952 	10
12 17 1952 	11
1 15 1953 	12
2 14 1953 	1
3 15 1953 	2
4 14 1953 	3
5 13 1953 	4
6 11 1953 	5
7 11 1953 	6
8 10 1953 	7
9 8 1953 	8
10 8 1953 	9
11 7 1953 	10
12 6 1953 	11
1 5 1954 	12
2 3 1954 	1
3 5 1954 	2
4 3 1954 	3
5 3 1954 	4
6 1 1954 	5
6 30 1954 	6
7 30 1954 	7
8 28 1954 	8
9 27 1954 	9
10 27 1954 	10
11 25 1954 	11
12 25 1954 	12
1 24 1955 	1
2 22 1955 	2
3 24 1955 	3
4 22 1955 	3
5 22 1955 	4
6 20 1955 	5
7 19 1955 	6
8 18 1955 	7
9 16 1955 	8
10 16 1955 	9
11 14 1955 	10
12 14 1955 	11
1 13 1956 	12
2 12 1956 	1
3 12 1956 	2
4 11 1956 	3
5 10 1956 	4
6 9 1956 	5
7 8 1956 	6
8 6 1956 	7
9 5 1956 	8
10 4 1956 	9
11 3 1956 	10
12 2 1956 	11
1 1 1957 	12
1 31 1957 	1
3 2 1957 	2
3 31 1957 	3
4 30 1957 	4
5 29 1957 	5
6 28 1957 	6
7 27 1957 	7
8 25 1957 	8
9 24 1957 	8
10 23 1957 	9
11 22 1957 	10
12 21 1957 	11
1 20 1958 	12
2 18 1958 	1
3 20 1958 	2
4 19 1958 	3
5 19 1958 	4
6 17 1958 	5
7 17 1958 	6
8 15 1958 	7
9 13 1958 	8
10 13 1958 	9
11 11 1958 	10
12 11 1958 	11
1 9 1959 	12
2 8 1959 	1
3 9 1959 	2
4 8 1959 	3
5 8 1959 	4
6 6 1959 	5
7 6 1959 	6
8 4 1959 	7
9 3 1959 	8
10 2 1959 	9
11 1 1959 	10
11 30 1959 	11
12 30 1959 	12
1 28 1960 	1
2 27 1960 	2
3 27 1960 	3
4 26 1960 	4
5 25 1960 	5
6 24 1960 	6
7 24 1960 	6
8 22 1960 	7
9 21 1960 	8
10 20 1960 	9
11 19 1960 	10
12 18 1960 	11
1 17 1961 	12
2 15 1961 	1
3 17 1961 	2
4 15 1961 	3
5 15 1961 	4
6 13 1961 	5
7 13 1961 	6
8 11 1961 	7
9 10 1961 	8
10 10 1961 	9
11 8 1961 	10
12 8 1961 	11
1 6 1962 	12
2 5 1962 	1
3 6 1962 	2
4 5 1962 	3
5 4 1962 	4
6 2 1962 	5
7 2 1962 	6
7 31 1962 	7
8 30 1962 	8
9 29 1962 	9
10 28 1962 	10
11 27 1962 	11
12 27 1962 	12
1 25 1963 	1
2 24 1963 	2
3 25 1963 	3
4 24 1963 	4
5 23 1963 	4
6 21 1963 	5
7 21 1963 	6
8 19 1963 	7
9 18 1963 	8
10 17 1963 	9
11 16 1963 	10
12 16 1963 	11
1 15 1964 	12
2 13 1964 	1
3 14 1964 	2
4 12 1964 	3
5 12 1964 	4
6 10 1964 	5
7 9 1964 	6
8 8 1964 	7
9 6 1964 	8
10 6 1964 	9
11 4 1964 	10
12 4 1964 	11
1 3 1965 	12
2 2 1965 	1
3 3 1965 	2
4 2 1965 	3
5 1 1965 	4
5 31 1965 	5
6 29 1965 	6
7 28 1965 	7
8 27 1965 	8
9 25 1965 	9
10 24 1965 	10
11 23 1965 	11
12 23 1965 	12
1 21 1966 	1
2 20 1966 	2
3 22 1966 	3
4 21 1966 	3
5 20 1966 	4
6 19 1966 	5
7 18 1966 	6
8 16 1966 	7
9 15 1966 	8
10 14 1966 	9
11 12 1966 	10
12 12 1966 	11
1 11 1967 	12
2 9 1967 	1
3 11 1967 	2
4 10 1967 	3
5 9 1967 	4
6 8 1967 	5
7 8 1967 	6
8 6 1967 	7
9 4 1967 	8
10 4 1967 	9
11 2 1967 	10
12 2 1967 	11
12 31 1967 	12
1 30 1968 	1
2 28 1968 	2
3 29 1968 	3
4 27 1968 	4
5 27 1968 	5
6 26 1968 	6
7 25 1968 	7
8 24 1968 	7
9 22 1968 	8
10 22 1968 	9
11 20 1968 	10
12 20 1968 	11
1 18 1969 	12
2 17 1969 	1
3 18 1969 	2
4 17 1969 	3
5 16 1969 	4
6 15 1969 	5
7 14 1969 	6
8 13 1969 	7
9 12 1969 	8
10 11 1969 	9
11 10 1969 	10
12 9 1969 	11
1 8 1970 	12
2 6 1970 	1
3 8 1970 	2
4 6 1970 	3
5 5 1970 	4
6 4 1970 	5
7 3 1970 	6
8 2 1970 	7
9 1 1970 	8
9 30 1970 	9
10 30 1970 	10
11 29 1970 	11
12 28 1970 	12
1 27 1971 	1
2 25 1971 	2
3 27 1971 	3
4 25 1971 	4
5 24 1971 	5
6 23 1971 	5
7 22 1971 	6
8 21 1971 	7
9 19 1971 	8
10 19 1971 	9
11 18 1971 	10
12 18 1971 	11
1 16 1972 	12
2 15 1972 	1
3 15 1972 	2
4 14 1972 	3
5 13 1972 	4
6 11 1972 	5
7 11 1972 	6
8 9 1972 	7
9 8 1972 	8
10 7 1972 	9
11 6 1972 	10
12 6 1972 	11
1 4 1973 	12
2 3 1973 	1
3 5 1973 	2
4 3 1973 	3
5 3 1973 	4
6 1 1973 	5
6 30 1973 	6
7 30 1973 	7
8 28 1973 	8
9 26 1973 	9
10 26 1973 	10
11 25 1973 	11
12 24 1973 	12
1 23 1974 	1
2 22 1974 	2
3 24 1974 	3
4 22 1974 	4
5 22 1974 	4
6 20 1974 	5
7 19 1974 	6
8 18 1974 	7
9 16 1974 	8
10 15 1974 	9
11 14 1974 	10
12 14 1974 	11
1 12 1975 	12
2 11 1975 	1
3 13 1975 	2
4 12 1975 	3
5 11 1975 	4
6 10 1975 	5
7 9 1975 	6
8 7 1975 	7
9 6 1975 	8
10 5 1975 	9
11 3 1975 	10
12 3 1975 	11
1 1 1976 	12
1 31 1976 	1
3 1 1976 	2
3 31 1976 	3
4 29 1976 	4
5 29 1976 	5
6 27 1976 	6
7 27 1976 	7
8 25 1976 	8
9 24 1976 	8
10 23 1976 	9
11 21 1976 	10
12 21 1976 	11
1 19 1977 	12
2 18 1977 	1
3 20 1977 	2
4 18 1977 	3
5 18 1977 	4
6 17 1977 	5
7 16 1977 	6
8 15 1977 	7
9 13 1977 	8
10 13 1977 	9
11 11 1977 	10
12 11 1977 	11
1 9 1978 	12
2 7 1978 	1
3 9 1978 	2
4 7 1978 	3
5 7 1978 	4
6 6 1978 	5
7 5 1978 	6
8 4 1978 	7
9 3 1978 	8
10 2 1978 	9
11 1 1978 	10
11 30 1978 	11
12 30 1978 	12
1 28 1979 	1
2 27 1979 	2
3 28 1979 	3
4 26 1979 	4
5 26 1979 	5
6 24 1979 	6
7 24 1979 	6
8 23 1979 	7
9 21 1979 	8
10 21 1979 	9
11 20 1979 	10
12 19 1979 	11
1 18 1980 	12
2 16 1980 	1
3 17 1980 	2
4 15 1980 	3
5 14 1980 	4
6 13 1980 	5
7 12 1980 	6
8 11 1980 	7
9 9 1980 	8
10 9 1980 	9
11 8 1980 	10
12 7 1980 	11
1 6 1981 	12
2 5 1981 	1
3 6 1981 	2
4 5 1981 	3
5 4 1981 	4
6 2 1981 	5
7 2 1981 	6
7 31 1981 	7
8 29 1981 	8
9 28 1981 	9
10 28 1981 	10
11 26 1981 	11
12 26 1981 	12
1 25 1982 	1
2 24 1982 	2
3 25 1982 	3
4 24 1982 	4
5 23 1982 	4
6 21 1982 	5
7 21 1982 	6
8 19 1982 	7
9 17 1982 	8
10 17 1982 	9
11 15 1982 	10
12 15 1982 	11
1 14 1983 	12
2 13 1983 	1
3 15 1983 	2
4 13 1983 	3
5 13 1983 	4
6 11 1983 	5
7 10 1983 	6
8 9 1983 	7
9 7 1983 	8
10 6 1983 	9
11 5 1983 	10
12 4 1983 	11
1 3 1984 	12
2 2 1984 	1
3 3 1984 	2
4 1 1984 	3
5 1 1984 	4
5 31 1984 	5
6 29 1984 	6
7 28 1984 	7
8 27 1984 	8
9 25 1984 	9
10 24 1984 	10
11 23 1984 	10
12 22 1984 	11
1 21 1985 	1
2 20 1985 	1
3 21 1985 	2
4 20 1985 	3
5 20 1985 	4
6 18 1985 	5
7 18 1985 	6
8 16 1985 	7
9 15 1985 	8
10 14 1985 	9
11 12 1985 	10
12 12 1985 	11
1 10 1986 	12
2 9 1986 	1
3 10 1986 	2
4 9 1986 	3
5 9 1986 	4
6 7 1986 	5
7 7 1986 	6
8 6 1986 	7
9 4 1986 	8
10 4 1986 	9
11 2 1986 	10
12 2 1986 	11
12 31 1986 	12
1 29 1987 	1
2 28 1987 	2
3 29 1987 	3
4 28 1987 	4
5 27 1987 	5
6 26 1987 	6
7 26 1987 	6
8 24 1987 	7
9 23 1987 	8
10 23 1987 	9
11 21 1987 	10
12 21 1987 	11
1 19 1988 	12
2 17 1988 	1
3 18 1988 	2
4 16 1988 	3
5 16 1988 	4
6 14 1988 	5
7 14 1988 	6
8 12 1988 	7
9 11 1988 	8
10 11 1988 	9
11 9 1988 	10
12 9 1988 	11
1 8 1989 	12
2 6 1989 	1
3 8 1989 	2
4 6 1989 	3
5 5 1989 	4
6 4 1989 	5
7 3 1989 	6
8 2 1989 	7
8 31 1989 	8
9 30 1989 	9
10 29 1989 	10
11 28 1989 	11
12 28 1989 	12
1 27 1990 	1
2 25 1990 	2
3 27 1990 	3
4 25 1990 	4
5 24 1990 	5
6 23 1990 	5
7 22 1990 	6
8 20 1990 	7
9 19 1990 	8
10 18 1990 	9
11 17 1990 	10
12 17 1990 	11
1 16 1991 	12
2 15 1991 	1
3 16 1991 	2
4 15 1991 	3
5 14 1991 	4
6 12 1991 	5
7 12 1991 	6
8 10 1991 	7
9 8 1991 	8
10 8 1991 	9
11 6 1991 	10
12 6 1991 	11
1 5 1992 	12
2 4 1992 	1
3 4 1992 	2
4 3 1992 	3
5 3 1992 	4
6 1 1992 	5
6 30 1992 	6
7 30 1992 	7
8 28 1992 	8
9 26 1992 	9
10 26 1992 	10
11 24 1992 	11
12 24 1992 	12
1 23 1993 	1
2 21 1993 	2
3 23 1993 	3
4 22 1993 	3
5 21 1993 	4
6 20 1993 	5
7 19 1993 	6
8 18 1993 	7
9 16 1993 	8
10 15 1993 	9
11 14 1993 	10
12 13 1993 	11
1 12 1994 	12
2 10 1994 	1
3 12 1994 	2
4 11 1994 	3
5 11 1994 	4
6 9 1994 	5
7 9 1994 	6
8 7 1994 	7
9 6 1994 	8
10 5 1994 	9
11 3 1994 	10
12 3 1994 	11
1 1 1995 	12
1 31 1995 	1
3 1 1995 	2
3 31 1995 	3
4 30 1995 	4
5 29 1995 	5
6 28 1995 	6
7 27 1995 	7
8 26 1995 	8
9 25 1995 	8
10 24 1995 	9
11 22 1995 	10
12 22 1995 	11
1 20 1996 	12
2 19 1996 	1
3 19 1996 	2
4 18 1996 	3
5 17 1996 	4
6 16 1996 	5
7 16 1996 	6
8 14 1996 	7
9 13 1996 	8
10 12 1996 	9
11 11 1996 	10
12 11 1996 	11
1 9 1997 	12
2 7 1997 	1
3 9 1997 	2
4 7 1997 	3
5 7 1997 	4
6 5 1997 	5
7 5 1997 	6
8 3 1997 	7
9 2 1997 	8
10 2 1997 	9
10 31 1997 	10
11 30 1997 	11
12 30 1997 	12
1 28 1998 	1
2 27 1998 	2
3 28 1998 	3
4 26 1998 	4
5 26 1998 	5
6 24 1998 	5
7 23 1998 	6
8 22 1998 	7
9 21 1998 	8
10 20 1998 	9
11 19 1998 	10
12 19 1998 	11
1 17 1999 	12
2 16 1999 	1
3 18 1999 	2
4 16 1999 	3
5 15 1999 	4
6 14 1999 	5
7 13 1999 	6
8 11 1999 	7
9 10 1999 	8
10 9 1999 	9
11 8 1999 	10
12 8 1999 	11
1 7 2000 	12
2 5 2000 	1
3 6 2000 	2
4 5 2000 	3
5 4 2000 	4
6 2 2000 	5
7 2 2000 	6
7 31 2000 	7
8 29 2000 	8
9 28 2000 	9
10 27 2000 	10
11 26 2000 	11
12 26 2000 	12
1 24 2001 	1
2 23 2001 	2
3 25 2001 	3
4 23 2001 	4
5 23 2001 	4
6 21 2001 	5
7 21 2001 	6
8 19 2001 	7
9 17 2001 	8
10 17 2001 	9
11 15 2001 	10
12 15 2001 	11
1 13 2002 	12
2 12 2002 	1
3 14 2002 	2
4 13 2002 	3
5 12 2002 	4
6 11 2002 	5
7 10 2002 	6
8 9 2002 	7
9 7 2002 	8
10 6 2002 	9
11 5 2002 	10
12 4 2002 	11
1 3 2003 	12
2 1 2003 	1
3 3 2003 	2
4 2 2003 	3
5 1 2003 	4
5 31 2003 	5
6 30 2003 	6
7 29 2003 	7
8 28 2003 	8
9 26 2003 	9
10 25 2003 	10
11 24 2003 	11
12 23 2003 	12
1 22 2004 	1
2 20 2004 	2
3 21 2004 	2
4 19 2004 	3
5 19 2004 	4
6 18 2004 	5
7 17 2004 	6
8 16 2004 	7
9 14 2004 	8
10 14 2004 	9
11 12 2004 	10
12 12 2004 	11
1 10 2005 	12
2 9 2005 	1
3 10 2005 	2
4 9 2005 	3
5 8 2005 	4
6 7 2005 	5
7 6 2005 	6
8 5 2005 	7
9 4 2005 	8
10 3 2005 	9
11 2 2005 	10
12 1 2005 	11
12 31 2005 	12
1 29 2006 	1
2 28 2006 	2
3 29 2006 	3
4 28 2006 	4
5 27 2006 	5
6 26 2006 	6
7 25 2006 	7
8 24 2006 	7
9 22 2006 	8
10 22 2006 	9
11 21 2006 	10
12 20 2006 	11
1 19 2007 	12
2 18 2007 	1
3 19 2007 	2
4 17 2007 	3
5 17 2007 	4
6 15 2007 	5
7 14 2007 	6
8 13 2007 	7
9 11 2007 	8
10 11 2007 	9
11 10 2007 	10
12 10 2007 	11
1 8 2008 	12
2 7 2008 	1
3 8 2008 	2
4 6 2008 	3
5 5 2008 	4
6 4 2008 	5
7 3 2008 	6
8 1 2008 	7
8 31 2008 	8
9 29 2008 	9
10 29 2008 	10
11 28 2008 	11
12 27 2008 	12
1 26 2009 	1
2 25 2009 	2
3 27 2009 	3
4 25 2009 	4
5 24 2009 	5
6 23 2009 	5
7 22 2009 	6
8 20 2009 	7
9 19 2009 	8
10 18 2009 	9
11 17 2009 	10
12 16 2009 	11
1 15 2010 	12
2 14 2010 	1
3 16 2010 	2
4 14 2010 	3
5 14 2010 	4
6 12 2010 	5
7 12 2010 	6
8 10 2010 	7
9 8 2010 	8
10 8 2010 	9
11 6 2010 	10
12 6 2010 	11
1 4 2011 	12
2 3 2011 	1
3 5 2011 	2
4 3 2011 	3
5 3 2011 	4
6 2 2011 	5
7 1 2011 	6
7 31 2011 	7
8 29 2011 	8
9 27 2011 	9
10 27 2011 	10
11 25 2011 	11
12 25 2011 	12
1 23 2012 	1
2 22 2012 	2
3 22 2012 	3
4 21 2012 	4
5 21 2012 	4
6 19 2012 	5
7 19 2012 	6
8 17 2012 	7
9 16 2012 	8
10 15 2012 	9
11 14 2012 	10
12 13 2012 	11
1 12 2013 	12
2 10 2013 	1
3 12 2013 	2
4 10 2013 	3
5 10 2013 	4
6 8 2013 	5
7 8 2013 	6
8 7 2013 	7
9 5 2013 	8
10 5 2013 	9
11 3 2013 	10
12 3 2013 	11
1 1 2014 	12
1 31 2014 	1
3 1 2014 	2
3 31 2014 	3
4 29 2014 	4
5 29 2014 	5
6 27 2014 	6
7 27 2014 	7
8 25 2014 	8
9 24 2014 	9
10 24 2014 	9
11 22 2014 	10
12 22 2014 	11
1 20 2015 	12
2 19 2015 	1
3 20 2015 	2
4 19 2015 	3
5 18 2015 	4
6 16 2015 	5
7 16 2015 	6
8 14 2015 	7
9 13 2015 	8
10 13 2015 	9
11 12 2015 	10
12 11 2015 	11
1 10 2016 	12
2 8 2016 	1
3 9 2016 	2
4 7 2016 	3
5 7 2016 	4
6 5 2016 	5
7 4 2016 	6
8 3 2016 	7
9 1 2016 	8
10 1 2016 	9
10 31 2016 	10
11 29 2016 	11
12 29 2016 	12
1 28 2017 	1
2 26 2017 	2
3 28 2017 	3
4 26 2017 	4
5 26 2017 	5
6 24 2017 	6
7 23 2017 	6
8 22 2017 	7
9 20 2017 	8
10 20 2017 	9
11 18 2017 	10
12 18 2017 	11
1 17 2018 	12
2 16 2018 	1
3 17 2018 	2
4 16 2018 	3
5 15 2018 	4
6 14 2018 	5
7 13 2018 	6
8 11 2018 	7
9 10 2018 	8
10 9 2018 	9
11 8 2018 	10
12 7 2018 	11
1 6 2019 	12
2 5 2019 	1
3 7 2019 	2
4 5 2019 	3
5 5 2019 	4
6 3 2019 	5
7 3 2019 	6
8 1 2019 	7
8 30 2019 	8
9 29 2019 	9
10 28 2019 	10
11 26 2019 	11
12 26 2019 	12
1 25 2020 	1
2 23 2020 	2
3 24 2020 	3
4 23 2020 	4
5 23 2020 	4
6 21 2020 	5
7 21 2020 	6
8 19 2020 	7
9 17 2020 	8
10 17 2020 	9
11 15 2020 	10
12 15 2020 	11
1 13 2021 	12
2 12 2021 	1
3 13 2021 	2
4 12 2021 	3
5 12 2021 	4
6 10 2021 	5
7 10 2021 	6
8 8 2021 	7
9 7 2021 	8
10 6 2021 	9
11 5 2021 	10
12 4 2021 	11
1 3 2022 	12
2 1 2022 	1
3 3 2022 	2
4 1 2022 	3
5 1 2022 	4
5 30 2022 	5
6 29 2022 	6
7 29 2022 	7
8 27 2022 	8
9 26 2022 	9
10 25 2022 	10
11 24 2022 	11
12 23 2022 	12
1 22 2023 	1
2 20 2023 	2
3 22 2023 	2
4 20 2023 	3
5 19 2023 	4
6 18 2023 	5
7 18 2023 	6
8 16 2023 	7
9 15 2023 	8
10 15 2023 	9
11 13 2023 	10
12 13 2023 	11
1 11 2024 	12
2 10 2024 	1
3 10 2024 	2
4 9 2024 	3
5 8 2024 	4
6 6 2024 	5
7 6 2024 	6
8 4 2024 	7
9 3 2024 	8
10 3 2024 	9
11 1 2024 	10
12 1 2024 	11
12 31 2024 	12
1 29 2025 	1
2 28 2025 	2
3 29 2025 	3
4 28 2025 	4
5 27 2025 	5
6 25 2025 	6
7 25 2025 	6
8 23 2025 	7
9 22 2025 	8
10 21 2025 	9
11 20 2025 	10
12 20 2025 	11
1 19 2026 	12
2 17 2026 	1
3 19 2026 	2
4 17 2026 	3
5 17 2026 	4
6 15 2026 	5
7 14 2026 	6
8 13 2026 	7
9 11 2026 	8
10 10 2026 	9
11 9 2026 	10
12 9 2026 	11
1 8 2027 	12
2 6 2027 	1
3 8 2027 	2
4 7 2027 	3
5 6 2027 	4
6 5 2027 	5
7 4 2027 	6
8 2 2027 	7
9 1 2027 	8
9 30 2027 	9
10 29 2027 	10
11 28 2027 	11
12 28 2027 	12
1 26 2028 	1
2 25 2028 	2
3 26 2028 	3
4 25 2028 	4
5 24 2028 	5
6 23 2028 	5
7 22 2028 	6
8 20 2028 	7
9 19 2028 	8
10 18 2028 	9
11 16 2028 	10
12 16 2028 	11
1 15 2029 	12
2 13 2029 	1
3 15 2029 	2
4 14 2029 	3
5 13 2029 	4
6 12 2029 	5
7 11 2029 	6
8 10 2029 	7
9 8 2029 	8
10 8 2029 	9
11 6 2029 	10
12 5 2029 	11
1 4 2030 	12
2 3 2030 	1
3 4 2030 	2
4 3 2030 	3
5 2 2030 	4
6 1 2030 	5
7 1 2030 	6
7 30 2030 	7
8 29 2030 	8
9 27 2030 	9
10 27 2030 	10
11 25 2030 	11
12 25 2030 	12
1 23 2031 	1
2 21 2031 	2
3 23 2031 	3
4 22 2031 	3
5 21 2031 	4
6 20 2031 	5
7 19 2031 	6
8 18 2031 	7
9 17 2031 	8
10 16 2031 	9
11 15 2031 	10
12 14 2031 	11
1 13 2032 	12
2 11 2032 	1
3 12 2032 	2
4 10 2032 	3
5 9 2032 	4
6 8 2032 	5
7 7 2032 	6
8 6 2032 	7
9 5 2032 	8
10 4 2032 	9
11 3 2032 	10
12 3 2032 	11
1 1 2033 	12
1 31 2033 	1
3 1 2033 	2
3 31 2033 	3
4 29 2033 	4
5 28 2033 	5
6 27 2033 	6
7 26 2033 	7
8 25 2033 	7
9 23 2033 	8
10 23 2033 	9
11 22 2033 	10
12 22 2033 	10
1 20 2034 	1
2 19 2034 	1
3 20 2034 	2
4 19 2034 	3
5 18 2034 	4
6 16 2034 	5
7 16 2034 	6
8 14 2034 	7
9 13 2034 	8
10 12 2034 	9
11 11 2034 	10
12 11 2034 	11
1 9 2035 	12
2 8 2035 	1
3 10 2035 	2
4 8 2035 	3
5 8 2035 	4
6 6 2035 	5
7 5 2035 	6
8 4 2035 	7
9 2 2035 	8
10 1 2035 	9
10 31 2035 	10
11 30 2035 	11
12 29 2035 	12
1 28 2036 	1
2 27 2036 	2
3 28 2036 	3
4 26 2036 	4
5 26 2036 	5
6 24 2036 	6
7 23 2036 	6
8 22 2036 	7
9 20 2036 	8
10 19 2036 	9
11 18 2036 	10
12 17 2036 	11
1 16 2037 	12
2 15 2037 	1
3 17 2037 	2
4 16 2037 	3
5 15 2037 	4
6 14 2037 	5
7 13 2037 	6
8 11 2037 	7
9 10 2037 	8
10 9 2037 	9
11 7 2037 	10
12 7 2037 	11
1 5 2038 	12
2 4 2038 	1
3 6 2038 	2
4 5 2038 	3
5 4 2038 	4
6 3 2038 	5
7 2 2038 	6
8 1 2038 	7
8 30 2038 	8
9 29 2038 	9
10 28 2038 	10
11 26 2038 	11
12 26 2038 	12
1 24 2039 	1
2 23 2039 	2
3 25 2039 	3
4 23 2039 	4
5 23 2039 	5
6 22 2039 	5
7 21 2039 	6
8 20 2039 	7
9 18 2039 	8
10 18 2039 	9
11 16 2039 	10
12 16 2039 	11
1 14 2040 	12
2 12 2040 	1
3 13 2040 	2
4 11 2040 	3
5 11 2040 	4
6 10 2040 	5
7 9 2040 	6
8 8 2040 	7
9 6 2040 	8
10 6 2040 	9
11 5 2040 	10
12 4 2040 	11
1 3 2041 	12
2 1 2041 	1
3 2 2041 	2
4 1 2041 	3
4 30 2041 	4
5 30 2041 	5
6 28 2041 	6
7 28 2041 	7
8 27 2041 	8
9 25 2041 	9
10 25 2041 	10
11 24 2041 	11
12 23 2041 	12
1 22 2042 	1
2 20 2042 	2
3 22 2042 	2
4 20 2042 	3
5 19 2042 	4
6 18 2042 	5
7 17 2042 	6
8 16 2042 	7
9 14 2042 	8
10 14 2042 	9
11 13 2042 	10
12 12 2042 	11
1 11 2043 	12
2 10 2043 	1
3 11 2043 	2
4 10 2043 	3
5 9 2043 	4
6 7 2043 	5
7 7 2043 	6
8 5 2043 	7
9 3 2043 	8
10 3 2043 	9
11 2 2043 	10
12 1 2043 	11
12 31 2043 	12
1 30 2044 	1
2 29 2044 	2
3 29 2044 	3
4 28 2044 	4
5 27 2044 	5
6 25 2044 	6
7 25 2044 	7
8 23 2044 	7
9 21 2044 	8
10 21 2044 	9
11 19 2044 	10
12 19 2044 	11
1 18 2045 	12
2 17 2045 	1
3 19 2045 	2
4 17 2045 	3
5 17 2045 	4
6 15 2045 	5
7 14 2045 	6
8 13 2045 	7
9 11 2045 	8
10 10 2045 	9
11 9 2045 	10
12 8 2045 	11
1 7 2046 	12
2 6 2046 	1
3 8 2046 	2
4 6 2046 	3
5 6 2046 	4
6 4 2046 	5
7 4 2046 	6
8 2 2046 	7
9 1 2046 	8
9 30 2046 	9
10 29 2046 	10
11 28 2046 	11
12 27 2046 	12
1 26 2047 	1
2 25 2047 	2
3 26 2047 	3
4 25 2047 	4
5 25 2047 	5
6 23 2047 	5
7 23 2047 	6
8 21 2047 	7
9 20 2047 	8
10 19 2047 	9
11 17 2047 	10
12 17 2047 	11
1 15 2048 	12
2 14 2048 	1
3 14 2048 	2
4 13 2048 	3
5 13 2048 	4
6 11 2048 	5
7 11 2048 	6
8 10 2048 	7
9 8 2048 	8
10 8 2048 	9
11 6 2048 	10
12 5 2048 	11
1 4 2049 	12
2 2 2049 	1
3 4 2049 	2
4 2 2049 	3
5 2 2049 	4
5 31 2049 	5
6 30 2049 	6
7 30 2049 	7
8 28 2049 	8
9 27 2049 	9
10 27 2049 	10
11 25 2049 	11
12 25 2049 	12
1 23 2050 	1
2 21 2050 	2
3 23 2050 	3
4 21 2050 	3
5 21 2050 	4
6 19 2050 	5
7 19 2050 	6
8 17 2050 	7
9 16 2050 	8
10 16 2050 	9
11 14 2050 	10
12 14 2050 	11
1 13 2051 	12
2 11 2051 	1
3 13 2051 	2
4 11 2051 	3
5 10 2051 	4
6 9 2051 	5
7 8 2051 	6
8 6 2051 	7
9 5 2051 	8
10 5 2051 	9
11 3 2051 	10
12 3 2051 	11
1 2 2052 	12
2 1 2052 	1
3 1 2052 	2
3 31 2052 	3
4 29 2052 	4
5 28 2052 	5
6 27 2052 	6
7 26 2052 	7
8 24 2052 	8
9 23 2052 	8
10 22 2052 	9
11 21 2052 	10
12 21 2052 	11
1 20 2053 	1
2 19 2053 	1
3 20 2053 	2
4 19 2053 	3
5 18 2053 	4
6 16 2053 	5
7 16 2053 	6
8 14 2053 	7
9 12 2053 	8
10 12 2053 	9
11 10 2053 	10
12 10 2053 	11
1 9 2054 	12
2 8 2054 	1
3 9 2054 	2
4 8 2054 	3
5 8 2054 	4
6 6 2054 	5
7 5 2054 	6
8 4 2054 	7
9 2 2054 	8
10 1 2054 	9
10 31 2054 	10
11 29 2054 	11
12 29 2054 	12
1 28 2055 	1
2 26 2055 	2
3 28 2055 	3
4 27 2055 	4
5 26 2055 	5
6 25 2055 	6
7 24 2055 	6
8 23 2055 	7
9 21 2055 	8
10 20 2055 	9
11 19 2055 	10
12 18 2055 	11
1 17 2056 	12
2 15 2056 	1
3 16 2056 	2
4 15 2056 	3
5 15 2056 	4
6 13 2056 	5
7 13 2056 	6
8 11 2056 	7
9 10 2056 	8
10 9 2056 	9
11 7 2056 	10
12 7 2056 	11
1 5 2057 	12
2 4 2057 	1
3 5 2057 	2
4 4 2057 	3
5 4 2057 	4
6 2 2057 	5
7 2 2057 	6
7 31 2057 	7
8 30 2057 	8
9 28 2057 	9
10 28 2057 	10
11 26 2057 	11
12 26 2057 	12
1 24 2058 	1
2 23 2058 	2
3 24 2058 	3
4 23 2058 	4
5 22 2058 	4
6 21 2058 	5
7 20 2058 	6
8 19 2058 	7
9 18 2058 	8
10 17 2058 	9
11 16 2058 	10
12 16 2058 	11
1 14 2059 	12
2 12 2059 	1
3 14 2059 	2
4 12 2059 	3
5 12 2059 	4
6 10 2059 	5
7 10 2059 	6
8 8 2059 	7
9 7 2059 	8
10 6 2059 	9
11 5 2059 	10
12 5 2059 	11
1 4 2060 	12
2 2 2060 	1
3 3 2060 	2
4 1 2060 	3
4 30 2060 	4
5 30 2060 	5
6 28 2060 	6
7 27 2060 	7
8 26 2060 	8
9 24 2060 	9
10 24 2060 	10
11 23 2060 	11
12 23 2060 	12
1 21 2061 	1
2 20 2061 	2
3 22 2061 	3
4 20 2061 	3
5 19 2061 	4
6 18 2061 	5
7 17 2061 	6
8 15 2061 	7
9 14 2061 	8
10 13 2061 	9
11 12 2061 	10
12 12 2061 	11
1 11 2062 	12
2 9 2062 	1
3 11 2062 	2
4 10 2062 	3
5 9 2062 	4
6 7 2062 	5
7 7 2062 	6
8 5 2062 	7
9 3 2062 	8
10 3 2062 	9
11 1 2062 	10
12 1 2062 	11
12 31 2062 	12
1 29 2063 	1
2 28 2063 	2
3 30 2063 	3
4 28 2063 	4
5 28 2063 	5
6 26 2063 	6
7 26 2063 	7
8 24 2063 	7
9 22 2063 	8
10 22 2063 	9
11 20 2063 	10
12 20 2063 	11
1 18 2064 	12
2 17 2064 	1
3 18 2064 	2
4 17 2064 	3
5 16 2064 	4
6 15 2064 	5
7 14 2064 	6
8 13 2064 	7
9 11 2064 	8
10 10 2064 	9
11 9 2064 	10
12 8 2064 	11
1 7 2065 	12
2 5 2065 	1
3 7 2065 	2
4 6 2065 	3
5 5 2065 	4
6 4 2065 	5
7 4 2065 	6
8 2 2065 	7
9 1 2065 	8
9 30 2065 	9
10 29 2065 	10
11 28 2065 	11
12 27 2065 	12
1 26 2066 	1
2 24 2066 	2
3 26 2066 	3
4 24 2066 	4
5 24 2066 	5
6 23 2066 	5
7 22 2066 	6
8 21 2066 	7
9 19 2066 	8
10 19 2066 	9
11 17 2066 	10
12 17 2066 	11
1 15 2067 	12
2 14 2067 	1
3 15 2067 	2
4 14 2067 	3
5 13 2067 	4
6 12 2067 	5
7 11 2067 	6
8 10 2067 	7
9 9 2067 	8
10 8 2067 	9
11 7 2067 	10
12 6 2067 	11
1 5 2068 	12
2 3 2068 	1
3 4 2068 	2
4 2 2068 	3
5 2 2068 	4
5 31 2068 	5
6 29 2068 	6
7 29 2068 	7
8 28 2068 	8
9 26 2068 	9
10 26 2068 	10
11 25 2068 	11
12 24 2068 	12
1 23 2069 	1
2 21 2069 	2
3 23 2069 	3
4 21 2069 	4
5 21 2069 	4
6 19 2069 	5
7 18 2069 	6
8 17 2069 	7
9 15 2069 	8
10 15 2069 	9
11 14 2069 	10
12 14 2069 	11
1 12 2070 	12
2 11 2070 	1
3 12 2070 	2
4 11 2070 	3
5 10 2070 	4
6 9 2070 	5
7 8 2070 	6
8 6 2070 	7
9 5 2070 	8
10 4 2070 	9
11 3 2070 	10
12 3 2070 	11
1 1 2071 	12
1 31 2071 	1
3 2 2071 	2
3 31 2071 	3
4 30 2071 	4
5 29 2071 	5
6 28 2071 	6
7 27 2071 	7
8 25 2071 	8
9 24 2071 	8
10 23 2071 	9
11 22 2071 	10
12 21 2071 	11
1 20 2072 	12
2 19 2072 	1
3 20 2072 	2
4 18 2072 	3
5 18 2072 	4
6 16 2072 	5
7 16 2072 	6
8 14 2072 	7
9 12 2072 	8
10 12 2072 	9
11 10 2072 	10
12 10 2072 	11
1 8 2073 	12
2 7 2073 	1
3 9 2073 	2
4 7 2073 	3
5 7 2073 	4
6 6 2073 	5
7 5 2073 	6
8 4 2073 	7
9 2 2073 	8
10 1 2073 	9
10 31 2073 	10
11 29 2073 	11
12 29 2073 	12
1 27 2074 	1
2 26 2074 	2
3 27 2074 	3
4 26 2074 	4
5 26 2074 	5
6 24 2074 	6
7 24 2074 	6
8 22 2074 	7
9 21 2074 	8
10 20 2074 	9
11 19 2074 	10
12 18 2074 	11
1 17 2075 	12
2 15 2075 	1
3 17 2075 	2
4 15 2075 	3
5 15 2075 	4
6 13 2075 	5
7 13 2075 	6
8 12 2075 	7
9 10 2075 	8
10 10 2075 	9
11 8 2075 	10
12 8 2075 	11
1 6 2076 	12
2 5 2076 	1
3 5 2076 	2
4 4 2076 	3
5 3 2076 	4
6 2 2076 	5
7 1 2076 	6
7 31 2076 	7
8 29 2076 	8
9 28 2076 	9
10 28 2076 	10
11 26 2076 	11
12 26 2076 	12
1 24 2077 	1
2 23 2077 	2
3 24 2077 	3
4 23 2077 	4
5 22 2077 	4
6 20 2077 	5
7 20 2077 	6
8 18 2077 	7
9 17 2077 	8
10 17 2077 	9
11 16 2077 	10
12 15 2077 	11
1 14 2078 	12
2 12 2078 	1
3 14 2078 	2
4 12 2078 	3
5 12 2078 	4
6 10 2078 	5
7 9 2078 	6
8 8 2078 	7
9 6 2078 	8
10 6 2078 	9
11 5 2078 	10
12 4 2078 	11
1 3 2079 	12
2 2 2079 	1
3 3 2079 	2
4 2 2079 	3
5 1 2079 	4
5 31 2079 	5
6 29 2079 	6
7 28 2079 	7
8 27 2079 	8
9 25 2079 	9
10 25 2079 	10
11 23 2079 	11
12 23 2079 	12
1 22 2080 	1
2 21 2080 	2
3 21 2080 	3
4 20 2080 	3
5 19 2080 	4
6 18 2080 	5
7 17 2080 	6
8 15 2080 	7
9 14 2080 	8
10 13 2080 	9
11 11 2080 	10
12 11 2080 	11
1 10 2081 	12
2 9 2081 	1
3 10 2081 	2
4 9 2081 	3
5 9 2081 	4
6 7 2081 	5
7 7 2081 	6
8 5 2081 	7
9 3 2081 	8
10 3 2081 	9
11 1 2081 	10
11 30 2081 	11
12 30 2081 	12
1 29 2082 	1
2 27 2082 	2
3 29 2082 	3
4 28 2082 	4
5 28 2082 	5
6 26 2082 	6
7 25 2082 	7
8 24 2082 	7
9 22 2082 	8
10 22 2082 	9
11 20 2082 	10
12 19 2082 	11
1 18 2083 	12
2 17 2083 	1
3 18 2083 	2
4 17 2083 	3
5 17 2083 	4
6 15 2083 	5
7 15 2083 	6
8 13 2083 	7
9 12 2083 	8
10 11 2083 	9
11 10 2083 	10
12 9 2083 	11
1 8 2084 	12
2 6 2084 	1
3 7 2084 	2
4 5 2084 	3
5 5 2084 	4
6 3 2084 	5
7 3 2084 	6
8 2 2084 	7
8 31 2084 	8
9 30 2084 	9
10 29 2084 	10
11 28 2084 	11
12 27 2084 	12
1 26 2085 	1
2 24 2085 	2
3 26 2085 	3
4 24 2085 	4
5 23 2085 	5
6 22 2085 	5
7 22 2085 	6
8 20 2085 	7
9 19 2085 	8
10 19 2085 	9
11 17 2085 	10
12 17 2085 	11
1 15 2086 	12
2 14 2086 	1
3 15 2086 	2
4 14 2086 	3
5 13 2086 	4
6 11 2086 	5
7 11 2086 	6
8 9 2086 	7
9 8 2086 	8
10 8 2086 	9
11 6 2086 	10
12 6 2086 	11
1 5 2087 	12
2 3 2087 	1
3 5 2087 	2
4 3 2087 	3
5 3 2087 	4
6 1 2087 	5
6 30 2087 	6
7 30 2087 	7
8 28 2087 	8
9 27 2087 	9
10 26 2087 	10
11 25 2087 	11
12 25 2087 	12
1 24 2088 	1
2 22 2088 	2
3 23 2088 	3
4 21 2088 	4
5 21 2088 	4
6 19 2088 	5
7 18 2088 	6
8 17 2088 	7
9 15 2088 	8
10 14 2088 	9
11 13 2088 	10
12 13 2088 	11
1 12 2089 	12
2 10 2089 	1
3 12 2089 	2
4 11 2089 	3
5 10 2089 	4
6 9 2089 	5
7 8 2089 	6
8 6 2089 	7
9 4 2089 	8
10 4 2089 	9
11 2 2089 	10
12 2 2089 	11
1 1 2090 	12
1 30 2090 	1
3 1 2090 	2
3 31 2090 	3
4 30 2090 	4
5 29 2090 	5
6 28 2090 	6
7 27 2090 	7
8 25 2090 	8
9 24 2090 	8
10 23 2090 	9
11 21 2090 	10
12 21 2090 	11
1 20 2091 	12
2 18 2091 	1
3 20 2091 	2
4 19 2091 	3
5 18 2091 	4
6 17 2091 	5
7 16 2091 	6
8 15 2091 	7
9 13 2091 	8
10 13 2091 	9
11 11 2091 	10
12 10 2091 	11
1 9 2092 	12
2 7 2092 	1
3 8 2092 	2
4 7 2092 	3
5 6 2092 	4
6 5 2092 	5
7 5 2092 	6
8 3 2092 	7
9 2 2092 	8
10 1 2092 	9
10 31 2092 	10
11 29 2092 	11
12 29 2092 	12
1 27 2093 	1
2 25 2093 	2
3 27 2093 	3
4 26 2093 	4
5 25 2093 	5
6 24 2093 	6
7 23 2093 	6
8 22 2093 	7
9 21 2093 	8
10 20 2093 	9
11 19 2093 	10
12 18 2093 	11
1 17 2094 	12
2 15 2094 	1
3 16 2094 	2
4 15 2094 	3
5 14 2094 	4
6 13 2094 	5
7 12 2094 	6
8 11 2094 	7
9 10 2094 	8
10 9 2094 	9
11 8 2094 	10
12 8 2094 	11
1 6 2095 	12
2 5 2095 	1
3 6 2095 	2
4 5 2095 	3
5 4 2095 	4
6 2 2095 	5
7 2 2095 	6
7 31 2095 	7
8 30 2095 	8
9 28 2095 	9
10 28 2095 	10
11 27 2095 	11
12 27 2095 	12
1 25 2096 	1
2 24 2096 	2
3 24 2096 	3
4 23 2096 	4
5 22 2096 	4
6 20 2096 	5
7 20 2096 	6
8 18 2096 	7
9 16 2096 	8
10 16 2096 	9
11 15 2096 	10
12 15 2096 	11
1 13 2097 	12
2 12 2097 	1
3 14 2097 	2
4 12 2097 	3
5 12 2097 	4
6 10 2097 	5
7 9 2097 	6
8 7 2097 	7
9 6 2097 	8
10 5 2097 	9
11 4 2097 	10
12 4 2097 	11
1 2 2098 	12
2 1 2098 	1
3 3 2098 	2
4 2 2098 	3
5 1 2098 	4
5 31 2098 	5
6 29 2098 	6
7 28 2098 	7
8 26 2098 	8
9 25 2098 	9
10 24 2098 	10
11 23 2098 	11
12 22 2098 	12
1 21 2099 	1
2 20 2099 	2
3 22 2099 	2
4 20 2099 	3
5 20 2099 	4
6 19 2099 	5
7 18 2099 	6
8 16 2099 	7
9 15 2099 	8
10 14 2099 	9
11 12 2099 	10
