1900 1 1 => 1989 12 1 0
1900 2 1 => 1900 1 2 0
1900 3 1 => 1900 2 1 0
1900 4 1 => 1900 3 2 0
1900 5 1 => 1900 4 3 0
1900 6 1 => 1900 5 5 0
1900 7 1 => 1900 6 5 0
1900 8 1 => 1900 7 7 0
1900 9 1 => 1900 8 8 0
1900 10 1 => 1900 8 8 1
1900 11 1 => 1900 9 10 0
1900 12 1 => 1900 10 10 0
1901 1 1 => 1900 11 11 0
1901 2 1 => 1900 12 13 0
1901 3 1 => 1901 1 11 0
1901 4 1 => 1901 2 13 0
1901 5 1 => 1901 3 13 0
1901 6 1 => 1901 4 15 0
1901 7 1 => 1901 5 16 0
1901 8 1 => 1901 6 17 0
1901 9 1 => 1901 7 19 0
1901 10 1 => 1901 8 19 0
1901 11 1 => 1901 9 21 0
1901 12 1 => 1901 10 21 0
1902 1 1 => 1901 11 22 0
1902 2 1 => 1901 12 23 0
1902 3 1 => 1902 1 22 0
1902 4 1 => 1902 2 23 0
1902 5 1 => 1902 3 24 0
1902 6 1 => 1902 4 25 0
1902 7 1 => 1902 5 26 0
1902 8 1 => 1902 6 28 0
1902 9 1 => 1902 7 29 0
1902 10 1 => 1902 8 30 0
1902 11 1 => 1902 10 2 0
1902 12 1 => 1902 11 2 0
1903 1 1 => 1902 12 3 0
1903 2 1 => 1903 1 4 0
1903 3 1 => 1903 2 3 0
1903 4 1 => 1903 3 4 0
1903 5 1 => 1903 4 5 0
1903 6 1 => 1903 5 6 0
1903 7 1 => 1903 5 7 1
1903 8 1 => 1903 6 9 0
1903 9 1 => 1903 7 10 0
1903 10 1 => 1903 8 11 0
1903 11 1 => 1903 9 13 0
1903 12 1 => 1903 10 13 0
1904 1 1 => 1903 11 14 0
1904 2 1 => 1903 12 16 0
1904 3 1 => 1904 1 14 0
1904 4 1 => 1904 2 16 0
1904 5 1 => 1904 3 16 0
1904 6 1 => 1904 4 18 0
1904 7 1 => 1904 5 18 0
1904 8 1 => 1904 6 20 0
1904 9 1 => 1904 7 22 0
1904 10 1 => 1904 8 22 0
1904 11 1 => 1904 9 24 0
1904 12 1 => 1904 10 25 0
1905 1 1 => 1904 11 26 0
1905 2 1 => 1904 12 27 0
1905 3 1 => 1905 1 26 0
1905 4 1 => 1905 2 27 0
1905 5 1 => 1905 3 27 0
1905 6 1 => 1905 4 29 0
1905 7 1 => 1905 5 29 0
1905 8 1 => 1905 6 30 0
1905 8 1 => 1905 7 1 0
1905 9 1 => 1905 8 3 0
1905 10 1 => 1905 9 3 0
1905 11 1 => 1905 10 5 0
1905 12 1 => 1905 11 5 0
1906 1 1 => 1905 12 7 0
1906 2 1 => 1906 1 8 0
1906 3 1 => 1906 2 7 0
1906 4 1 => 1906 3 8 0
1906 5 1 => 1906 4 8 0
1906 6 1 => 1906 4 10 1
1906 7 1 => 1906 5 10 0
1906 8 1 => 1906 6 12 0
1906 9 1 => 1906 7 13 0
1906 10 1 => 1906 8 14 0
1906 11 1 => 1906 9 15 0
1906 12 1 => 1906 10 16 0
1907 1 1 => 1906 11 17 0
1907 2 1 => 1906 12 19 0
1907 3 1 => 1907 1 17 0
1907 4 1 => 1907 2 19 0
1907 5 1 => 1907 3 19 0
1907 6 1 => 1907 4 21 0
1907 7 1 => 1907 5 21 0
1907 8 1 => 1907 6 23 0
1907 9 1 => 1907 7 24 0
1907 10 1 => 1907 8 24 0
1907 11 1 => 1907 9 26 0
1907 12 1 => 1907 10 26 0
1908 1 1 => 1907 11 28 0
1908 2 1 => 1907 12 29 0
1908 3 1 => 1908 1 28 0
1908 4 1 => 1908 2 30 0
1908 4 1 => 1908 3 1 0
1908 5 1 => 1908 4 2 0
1908 6 1 => 1908 5 3 0
1908 7 1 => 1908 6 3 0
1908 8 1 => 1908 7 5 0
1908 9 1 => 1908 8 6 0
1908 10 1 => 1908 9 7 0
1908 11 1 => 1908 10 8 0
1908 12 1 => 1908 11 8 0
1909 1 1 => 1908 12 10 0
1909 2 1 => 1909 1 11 0
1909 3 1 => 1909 2 10 0
1909 4 1 => 1909 2 11 1
1909 5 1 => 1909 3 12 0
1909 6 1 => 1909 4 14 0
1909 7 1 => 1909 5 14 0
1909 8 1 => 1909 6 16 0
1909 9 1 => 1909 7 17 0
1909 10 1 => 1909 8 18 0
1909 11 1 => 1909 9 19 0
1909 12 1 => 1909 10 19 0
1910 1 1 => 1909 11 20 0
1910 2 1 => 1909 12 22 0
1910 3 1 => 1910 1 20 0
1910 4 1 => 1910 2 22 0
1910 5 1 => 1910 3 22 0
1910 6 1 => 1910 4 24 0
1910 7 1 => 1910 5 25 0
1910 8 1 => 1910 6 26 0
1910 9 1 => 1910 7 28 0
1910 10 1 => 1910 8 28 0
1910 11 1 => 1910 9 30 0
1910 12 1 => 1910 10 30 0
1911 1 1 => 1910 12 1 0
1911 2 1 => 1911 1 3 0
1911 3 1 => 1911 2 1 0
1911 4 1 => 1911 3 3 0
1911 5 1 => 1911 4 3 0
1911 6 1 => 1911 5 5 0
1911 7 1 => 1911 6 6 0
1911 8 1 => 1911 6 7 1
1911 9 1 => 1911 7 9 0
1911 10 1 => 1911 8 10 0
1911 11 1 => 1911 9 11 0
1911 12 1 => 1911 10 11 0
1912 1 1 => 1911 11 13 0
1912 2 1 => 1911 12 14 0
1912 3 1 => 1912 1 12 0
1912 4 1 => 1912 2 14 0
1912 5 1 => 1912 3 15 0
1912 6 1 => 1912 4 16 0
1912 7 1 => 1912 5 17 0
1912 8 1 => 1912 6 19 0
1912 9 1 => 1912 7 20 0
1912 10 1 => 1912 8 21 0
1912 11 1 => 1912 9 23 0
1912 12 1 => 1912 10 23 0
1913 1 1 => 1912 11 24 0
1913 2 1 => 1912 12 26 0
1913 3 1 => 1913 1 24 0
1913 4 1 => 1913 2 25 0
1913 5 1 => 1913 3 25 0
1913 6 1 => 1913 4 27 0
1913 7 1 => 1913 5 27 0
1913 8 1 => 1913 6 29 0
1913 9 1 => 1913 8 1 0
1913 10 1 => 1913 9 2 0
1913 11 1 => 1913 10 4 0
1913 12 1 => 1913 11 4 0
1914 1 1 => 1913 12 6 0
1914 2 1 => 1914 1 7 0
1914 3 1 => 1914 2 5 0
1914 4 1 => 1914 3 6 0
1914 5 1 => 1914 4 7 0
1914 6 1 => 1914 5 8 0
1914 7 1 => 1914 5 9 1
1914 8 1 => 1914 6 10 0
1914 9 1 => 1914 7 12 0
1914 10 1 => 1914 8 12 0
1914 11 1 => 1914 9 14 0
1914 12 1 => 1914 10 14 0
1915 1 1 => 1914 11 16 0
1915 2 1 => 1914 12 18 0
1915 3 1 => 1915 1 16 0
1915 4 1 => 1915 2 17 0
1915 5 1 => 1915 3 18 0
1915 6 1 => 1915 4 19 0
1915 7 1 => 1915 5 19 0
1915 8 1 => 1915 6 21 0
1915 9 1 => 1915 7 22 0
1915 10 1 => 1915 8 23 0
1915 11 1 => 1915 9 24 0
1915 12 1 => 1915 10 25 0
1916 1 1 => 1915 11 26 0
1916 2 1 => 1915 12 28 0
1916 3 1 => 1916 1 26 0
1916 4 1 => 1916 2 29 0
1916 5 1 => 1916 3 29 0
1916 6 1 => 1916 5 1 0
1916 7 1 => 1916 6 2 0
1916 8 1 => 1916 7 3 0
1916 9 1 => 1916 8 4 0
1916 10 1 => 1916 9 5 0
1916 11 1 => 1916 10 6 0
1916 12 1 => 1916 11 7 0
1917 1 1 => 1916 12 8 0
1917 2 1 => 1917 1 10 0
1917 3 1 => 1917 2 8 0
1917 4 1 => 1917 2 10 1
1917 5 1 => 1917 3 11 0
1917 6 1 => 1917 4 12 0
1917 7 1 => 1917 5 13 0
1917 8 1 => 1917 6 14 0
1917 9 1 => 1917 7 15 0
1917 10 1 => 1917 8 16 0
1917 11 1 => 1917 9 17 0
1917 12 1 => 1917 10 17 0
1918 1 1 => 1917 11 19 0
1918 2 1 => 1917 12 20 0
1918 3 1 => 1918 1 19 0
1918 4 1 => 1918 2 20 0
1918 5 1 => 1918 3 21 0
1918 6 1 => 1918 4 23 0
1918 7 1 => 1918 5 23 0
1918 8 1 => 1918 6 25 0
1918 9 1 => 1918 7 26 0
1918 10 1 => 1918 8 27 0
1918 11 1 => 1918 9 28 0
1918 12 1 => 1918 10 28 0
1919 1 1 => 1918 11 30 0
1919 2 1 => 1919 1 1 0
1919 3 1 => 1919 1 29 0
1919 4 1 => 1919 3 1 0
1919 5 1 => 1919 4 2 0
1919 6 1 => 1919 5 4 0
1919 7 1 => 1919 6 4 0
1919 8 1 => 1919 7 6 0
1919 9 1 => 1919 7 8 1
1919 10 1 => 1919 8 8 0
1919 11 1 => 1919 9 9 0
1919 12 1 => 1919 10 10 0
1920 1 1 => 1919 11 11 0
1920 2 1 => 1919 12 12 0
1920 3 1 => 1920 1 10 0
1920 4 1 => 1920 2 13 0
1920 5 1 => 1920 3 13 0
1920 6 1 => 1920 4 15 0
1920 7 1 => 1920 5 16 0
1920 8 1 => 1920 6 17 0
1920 9 1 => 1920 7 19 0
1920 10 1 => 1920 8 20 0
1920 11 1 => 1920 9 21 0
1920 12 1 => 1920 10 21 0
1921 1 1 => 1920 11 23 0
1921 2 1 => 1920 12 24 0
1921 3 1 => 1921 1 22 0
1921 4 1 => 1921 2 23 0
1921 5 1 => 1921 3 24 0
1921 6 1 => 1921 4 25 0
1921 7 1 => 1921 5 26 0
1921 8 1 => 1921 6 28 0
1921 9 1 => 1921 7 29 0
1921 10 1 => 1921 8 30 0
1921 10 1 => 1921 9 1 0
1921 11 1 => 1921 10 2 0
1921 12 1 => 1921 11 3 0
1922 1 1 => 1921 12 4 0
1922 2 1 => 1922 1 5 0
1922 3 1 => 1922 2 3 0
1922 4 1 => 1922 3 5 0
1922 5 1 => 1922 4 5 0
1922 6 1 => 1922 5 6 0
1922 7 1 => 1922 5 7 1
1922 8 1 => 1922 6 9 0
1922 9 1 => 1922 7 10 0
1922 10 1 => 1922 8 11 0
1922 11 1 => 1922 9 13 0
1922 12 1 => 1922 10 13 0
1923 1 1 => 1922 11 15 0
1923 2 1 => 1922 12 16 0
1923 3 1 => 1923 1 14 0
1923 4 1 => 1923 2 16 0
1923 5 1 => 1923 3 16 0
1923 6 1 => 1923 4 17 0
1923 7 1 => 1923 5 18 0
1923 8 1 => 1923 6 19 0
1923 9 1 => 1923 7 21 0
1923 10 1 => 1923 8 21 0
1923 11 1 => 1923 9 23 0
1923 12 1 => 1923 10 24 0
1924 1 1 => 1923 11 25 0
1924 2 1 => 1923 12 27 0
1924 3 1 => 1924 1 25 0
1924 4 1 => 1924 2 28 0
1924 5 1 => 1924 3 28 0
1924 6 1 => 1924 4 29 0
1924 7 1 => 1924 5 30 0
1924 8 1 => 1924 7 1 0
1924 9 1 => 1924 8 3 0
1924 10 1 => 1924 9 3 0
1924 11 1 => 1924 10 5 0
1924 12 1 => 1924 11 5 0
1925 1 1 => 1924 12 7 0
1925 2 1 => 1925 1 9 0
1925 3 1 => 1925 2 7 0
1925 4 1 => 1925 3 9 0
1925 5 1 => 1925 4 9 0
1925 6 1 => 1925 4 11 1
1925 7 1 => 1925 5 11 0
1925 8 1 => 1925 6 12 0
1925 9 1 => 1925 7 14 0
1925 10 1 => 1925 8 14 0
1925 11 1 => 1925 9 15 0
1925 12 1 => 1925 10 16 0
1926 1 1 => 1925 11 17 0
1926 2 1 => 1925 12 19 0
1926 3 1 => 1926 1 17 0
1926 4 1 => 1926 2 19 0
1926 5 1 => 1926 3 20 0
1926 6 1 => 1926 4 21 0
1926 7 1 => 1926 5 22 0
1926 8 1 => 1926 6 23 0
1926 9 1 => 1926 7 25 0
1926 10 1 => 1926 8 25 0
1926 11 1 => 1926 9 26 0
1926 12 1 => 1926 10 27 0
1927 1 1 => 1926 11 28 0
1927 2 1 => 1926 12 29 0
1927 3 1 => 1927 1 28 0
1927 4 1 => 1927 2 29 0
1927 5 1 => 1927 3 30 0
1927 5 1 => 1927 4 1 0
1927 6 1 => 1927 5 2 0
1927 7 1 => 1927 6 3 0
1927 8 1 => 1927 7 4 0
1927 9 1 => 1927 8 6 0
1927 10 1 => 1927 9 6 0
1927 11 1 => 1927 10 8 0
1927 12 1 => 1927 11 8 0
1928 1 1 => 1927 12 9 0
1928 2 1 => 1928 1 10 0
1928 3 1 => 1928 2 9 0
1928 4 1 => 1928 2 11 1
1928 5 1 => 1928 3 12 0
1928 6 1 => 1928 4 14 0
1928 7 1 => 1928 5 14 0
1928 8 1 => 1928 6 16 0
1928 9 1 => 1928 7 18 0
1928 10 1 => 1928 8 18 0
1928 11 1 => 1928 9 20 0
1928 12 1 => 1928 10 20 0
1929 1 1 => 1928 11 21 0
1929 2 1 => 1928 12 22 0
1929 3 1 => 1929 1 20 0
1929 4 1 => 1929 2 22 0
1929 5 1 => 1929 3 22 0
1929 6 1 => 1929 4 24 0
1929 7 1 => 1929 5 25 0
1929 8 1 => 1929 6 26 0
1929 9 1 => 1929 7 28 0
1929 10 1 => 1929 8 29 0
1929 11 1 => 1929 9 30 0
1929 11 1 => 1929 10 1 0
1929 12 1 => 1929 11 1 0
1930 1 1 => 1929 12 2 0
1930 2 1 => 1930 1 3 0
1930 3 1 => 1930 2 2 0
1930 4 1 => 1930 3 3 0
1930 5 1 => 1930 4 3 0
1930 6 1 => 1930 5 5 0
1930 7 1 => 1930 6 6 0
1930 8 1 => 1930 6 7 1
1930 9 1 => 1930 7 9 0
1930 10 1 => 1930 8 10 0
1930 11 1 => 1930 9 11 0
1930 12 1 => 1930 10 12 0
1931 1 1 => 1930 11 13 0
1931 2 1 => 1930 12 14 0
1931 3 1 => 1931 1 13 0
1931 4 1 => 1931 2 14 0
1931 5 1 => 1931 3 14 0
1931 6 1 => 1931 4 16 0
1931 7 1 => 1931 5 16 0
1931 8 1 => 1931 6 18 0
1931 9 1 => 1931 7 19 0
1931 10 1 => 1931 8 20 0
1931 11 1 => 1931 9 22 0
1931 12 1 => 1931 10 22 0
1932 1 1 => 1931 11 24 0
1932 2 1 => 1931 12 25 0
1932 3 1 => 1932 1 24 0
1932 4 1 => 1932 2 26 0
1932 5 1 => 1932 3 26 0
1932 6 1 => 1932 4 27 0
1932 7 1 => 1932 5 28 0
1932 8 1 => 1932 6 29 0
1932 9 1 => 1932 8 1 0
1932 10 1 => 1932 9 2 0
1932 11 1 => 1932 10 4 0
1932 12 1 => 1932 11 4 0
1933 1 1 => 1932 12 6 0
1933 2 1 => 1933 1 7 0
1933 3 1 => 1933 2 6 0
1933 4 1 => 1933 3 7 0
1933 5 1 => 1933 4 7 0
1933 6 1 => 1933 5 9 0
1933 7 1 => 1933 5 9 1
1933 8 1 => 1933 6 10 0
1933 9 1 => 1933 7 12 0
1933 10 1 => 1933 8 12 0
1933 11 1 => 1933 9 14 0
1933 12 1 => 1933 10 14 0
1934 1 1 => 1933 11 16 0
1934 2 1 => 1933 12 18 0
1934 3 1 => 1934 1 16 0
1934 4 1 => 1934 2 18 0
1934 5 1 => 1934 3 18 0
1934 6 1 => 1934 4 20 0
1934 7 1 => 1934 5 20 0
1934 8 1 => 1934 6 21 0
1934 9 1 => 1934 7 23 0
1934 10 1 => 1934 8 23 0
1934 11 1 => 1934 9 25 0
1934 12 1 => 1934 10 25 0
1935 1 1 => 1934 11 26 0
1935 2 1 => 1934 12 28 0
1935 3 1 => 1935 1 26 0
1935 4 1 => 1935 2 28 0
1935 5 1 => 1935 3 29 0
1935 6 1 => 1935 4 30 0
1935 6 1 => 1935 5 1 0
1935 7 1 => 1935 6 1 0
1935 8 1 => 1935 7 3 0
1935 9 1 => 1935 8 4 0
1935 10 1 => 1935 9 4 0
1935 11 1 => 1935 10 6 0
1935 12 1 => 1935 11 6 0
1936 1 1 => 1935 12 7 0
1936 2 1 => 1936 1 9 0
1936 3 1 => 1936 2 7 0
1936 4 1 => 1936 3 10 0
1936 5 1 => 1936 3 11 1
1936 6 1 => 1936 4 12 0
1936 7 1 => 1936 5 13 0
1936 8 1 => 1936 6 15 0
1936 9 1 => 1936 7 16 0
1936 10 1 => 1936 8 16 0
1936 11 1 => 1936 9 18 0
1936 12 1 => 1936 10 18 0
1937 1 1 => 1936 11 19 0
1937 2 1 => 1936 12 20 0
1937 3 1 => 1937 1 19 0
1937 4 1 => 1937 2 20 0
1937 5 1 => 1937 3 21 0
1937 6 1 => 1937 4 23 0
1937 7 1 => 1937 5 23 0
1937 8 1 => 1937 6 25 0
1937 9 1 => 1937 7 27 0
1937 10 1 => 1937 8 27 0
1937 11 1 => 1937 9 29 0
1937 12 1 => 1937 10 29 0
1938 1 1 => 1937 11 30 0
1938 2 1 => 1938 1 2 0
1938 4 1 => 1938 3 1 0
1938 5 1 => 1938 4 2 0
1938 6 1 => 1938 5 4 0
1938 7 1 => 1938 6 4 0
1938 8 1 => 1938 7 6 0
1938 9 1 => 1938 7 8 1
1938 10 1 => 1938 8 8 0
1938 11 1 => 1938 9 10 0
1938 12 1 => 1938 10 10 0
1939 1 1 => 1938 11 11 0
1939 2 1 => 1938 12 13 0
1939 3 1 => 1939 1 11 0
1939 4 1 => 1939 2 12 0
1939 5 1 => 1939 3 12 0
1939 6 1 => 1939 4 14 0
1939 7 1 => 1939 5 15 0
1939 8 1 => 1939 6 16 0
1939 9 1 => 1939 7 18 0
1939 10 1 => 1939 8 19 0
1939 11 1 => 1939 9 20 0
1939 12 1 => 1939 10 21 0
1940 1 1 => 1939 11 22 0
1940 2 1 => 1939 12 24 0
1940 3 1 => 1940 1 22 0
1940 4 1 => 1940 2 24 0
1940 5 1 => 1940 3 24 0
1940 6 1 => 1940 4 26 0
1940 7 1 => 1940 5 26 0
1940 8 1 => 1940 6 28 0
1940 9 1 => 1940 7 29 0
1940 10 1 => 1940 8 30 0
1940 10 1 => 1940 9 1 0
1940 11 1 => 1940 10 2 0
1940 12 1 => 1940 11 3 0
1941 1 1 => 1940 12 4 0
1941 2 1 => 1941 1 6 0
1941 3 1 => 1941 2 4 0
1941 4 1 => 1941 3 5 0
1941 5 1 => 1941 4 6 0
1941 6 1 => 1941 5 7 0
1941 7 1 => 1941 6 7 0
1941 8 1 => 1941 6 9 1
1941 9 1 => 1941 7 10 0
1941 10 1 => 1941 8 11 0
1941 11 1 => 1941 9 13 0
1941 12 1 => 1941 10 13 0
1942 1 1 => 1941 11 15 0
1942 2 1 => 1941 12 16 0
1942 3 1 => 1942 1 15 0
1942 4 1 => 1942 2 16 0
1942 5 1 => 1942 3 17 0
1942 6 1 => 1942 4 18 0
1942 7 1 => 1942 5 18 0
1942 8 1 => 1942 6 20 0
1942 9 1 => 1942 7 21 0
1942 10 1 => 1942 8 22 0
1942 11 1 => 1942 9 23 0
1942 12 1 => 1942 10 24 0
1943 1 1 => 1942 11 25 0
1943 2 1 => 1942 12 27 0
1943 3 1 => 1943 1 25 0
1943 4 1 => 1943 2 27 0
1943 5 1 => 1943 3 27 0
1943 6 1 => 1943 4 29 0
1943 7 1 => 1943 5 29 0
1943 8 1 => 1943 7 1 0
1943 9 1 => 1943 8 2 0
1943 10 1 => 1943 9 3 0
1943 11 1 => 1943 10 4 0
1943 12 1 => 1943 11 5 0
1944 1 1 => 1943 12 6 0
1944 2 1 => 1944 1 8 0
1944 3 1 => 1944 2 6 0
1944 4 1 => 1944 3 9 0
1944 5 1 => 1944 4 9 0
1944 6 1 => 1944 4 11 1
1944 7 1 => 1944 5 11 0
1944 8 1 => 1944 6 13 0
1944 9 1 => 1944 7 14 0
1944 10 1 => 1944 8 15 0
1944 11 1 => 1944 9 16 0
1944 12 1 => 1944 10 16 0
1945 1 1 => 1944 11 18 0
1945 2 1 => 1944 12 19 0
1945 3 1 => 1945 1 17 0
1945 4 1 => 1945 2 19 0
1945 5 1 => 1945 3 20 0
1945 6 1 => 1945 4 21 0
1945 7 1 => 1945 5 22 0
1945 8 1 => 1945 6 24 0
1945 9 1 => 1945 7 25 0
1945 10 1 => 1945 8 26 0
1945 11 1 => 1945 9 27 0
1945 12 1 => 1945 10 27 0
1946 1 1 => 1945 11 28 0
1946 2 1 => 1945 12 30 0
1946 3 1 => 1946 1 28 0
1946 4 1 => 1946 2 29 0
1946 5 1 => 1946 3 30 0
1946 5 1 => 1946 4 1 0
1946 6 1 => 1946 5 2 0
1946 7 1 => 1946 6 3 0
1946 8 1 => 1946 7 5 0
1946 9 1 => 1946 8 6 0
1946 10 1 => 1946 9 7 0
1946 11 1 => 1946 10 8 0
1946 12 1 => 1946 11 8 0
1947 1 1 => 1946 12 10 0
1947 2 1 => 1947 1 11 0
1947 3 1 => 1947 2 9 0
1947 4 1 => 1947 2 10 1
1947 5 1 => 1947 3 11 0
1947 6 1 => 1947 4 13 0
1947 7 1 => 1947 5 13 0
1947 8 1 => 1947 6 15 0
1947 9 1 => 1947 7 17 0
1947 10 1 => 1947 8 17 0
1947 11 1 => 1947 9 19 0
1947 12 1 => 1947 10 19 0
1948 1 1 => 1947 11 21 0
1948 2 1 => 1947 12 22 0
1948 3 1 => 1948 1 20 0
1948 4 1 => 1948 2 22 0
1948 5 1 => 1948 3 23 0
1948 6 1 => 1948 4 24 0
1948 7 1 => 1948 5 25 0
1948 8 1 => 1948 6 26 0
1948 9 1 => 1948 7 28 0
1948 10 1 => 1948 8 29 0
1948 11 1 => 1948 9 30 0
1948 11 1 => 1948 10 1 0
1948 12 1 => 1948 11 1 0
1949 1 1 => 1948 12 3 0
1949 2 1 => 1949 1 4 0
1949 3 1 => 1949 2 2 0
1949 4 1 => 1949 3 4 0
1949 5 1 => 1949 4 4 0
1949 6 1 => 1949 5 5 0
1949 7 1 => 1949 6 6 0
1949 8 1 => 1949 7 7 0
1949 9 1 => 1949 7 9 1
1949 10 1 => 1949 8 10 0
1949 11 1 => 1949 9 11 0
1949 12 1 => 1949 10 12 0
1950 1 1 => 1949 11 13 0
1950 2 1 => 1949 12 15 0
1950 3 1 => 1950 1 13 0
1950 4 1 => 1950 2 15 0
1950 5 1 => 1950 3 15 0
1950 6 1 => 1950 4 16 0
1950 7 1 => 1950 5 16 0
1950 8 1 => 1950 6 18 0
1950 9 1 => 1950 7 19 0
1950 10 1 => 1950 8 20 0
1950 11 1 => 1950 9 22 0
1950 12 1 => 1950 10 22 0
1951 1 1 => 1950 11 24 0
1951 2 1 => 1950 12 25 0
1951 3 1 => 1951 1 24 0
1951 4 1 => 1951 2 25 0
1951 5 1 => 1951 3 26 0
1951 6 1 => 1951 4 27 0
1951 7 1 => 1951 5 27 0
1951 8 1 => 1951 6 29 0
1951 9 1 => 1951 7 30 0
1951 9 1 => 1951 8 1 0
1951 10 1 => 1951 9 1 0
1951 11 1 => 1951 10 3 0
1951 12 1 => 1951 11 3 0
1952 1 1 => 1951 12 5 0
1952 2 1 => 1952 1 6 0
1952 3 1 => 1952 2 5 0
1952 4 1 => 1952 3 7 0
1952 5 1 => 1952 4 8 0
1952 6 1 => 1952 5 9 0
1952 7 1 => 1952 5 10 1
1952 8 1 => 1952 6 11 0
1952 9 1 => 1952 7 12 0
1952 10 1 => 1952 8 13 0
1952 11 1 => 1952 9 14 0
1952 12 1 => 1952 10 15 0
1953 1 1 => 1952 11 16 0
1953 2 1 => 1952 12 18 0
1953 3 1 => 1953 1 16 0
1953 4 1 => 1953 2 18 0
1953 5 1 => 1953 3 18 0
1953 6 1 => 1953 4 20 0
1953 7 1 => 1953 5 21 0
1953 8 1 => 1953 6 22 0
1953 9 1 => 1953 7 23 0
1953 10 1 => 1953 8 24 0
1953 11 1 => 1953 9 25 0
1953 12 1 => 1953 10 25 0
1954 1 1 => 1953 11 27 0
1954 2 1 => 1953 12 28 0
1954 3 1 => 1954 1 27 0
1954 4 1 => 1954 2 28 0
1954 5 1 => 1954 3 29 0
1954 6 1 => 1954 4 30 0
1954 6 1 => 1954 5 1 0
1954 7 1 => 1954 6 2 0
1954 8 1 => 1954 7 3 0
1954 9 1 => 1954 8 5 0
1954 10 1 => 1954 9 5 0
1954 11 1 => 1954 10 6 0
1954 12 1 => 1954 11 7 0
1955 1 1 => 1954 12 8 0
1955 2 1 => 1955 1 9 0
1955 3 1 => 1955 2 8 0
1955 4 1 => 1955 3 9 0
1955 5 1 => 1955 3 10 1
1955 6 1 => 1955 4 11 0
1955 7 1 => 1955 5 12 0
1955 8 1 => 1955 6 14 0
1955 9 1 => 1955 7 15 0
1955 10 1 => 1955 8 16 0
1955 11 1 => 1955 9 17 0
1955 12 1 => 1955 10 18 0
1956 1 1 => 1955 11 19 0
1956 2 1 => 1955 12 20 0
1956 3 1 => 1956 1 18 0
1956 4 1 => 1956 2 21 0
1956 5 1 => 1956 3 21 0
1956 6 1 => 1956 4 23 0
1956 7 1 => 1956 5 23 0
1956 8 1 => 1956 6 25 0
1956 9 1 => 1956 7 27 0
1956 10 1 => 1956 8 27 0
1956 11 1 => 1956 9 29 0
1956 12 1 => 1956 10 29 0
1957 1 1 => 1956 12 1 0
1957 2 1 => 1957 1 2 0
1957 4 1 => 1957 3 2 0
1957 5 1 => 1957 4 2 0
1957 6 1 => 1957 5 4 0
1957 7 1 => 1957 6 4 0
1957 8 1 => 1957 7 6 0
1957 9 1 => 1957 8 8 0
1957 10 1 => 1957 8 8 1
1957 11 1 => 1957 9 10 0
1957 12 1 => 1957 10 10 0
1958 1 1 => 1957 11 12 0
1958 2 1 => 1957 12 13 0
1958 3 1 => 1958 1 12 0
1958 4 1 => 1958 2 13 0
1958 5 1 => 1958 3 13 0
1958 6 1 => 1958 4 14 0
1958 7 1 => 1958 5 15 0
1958 8 1 => 1958 6 16 0
1958 9 1 => 1958 7 18 0
1958 10 1 => 1958 8 19 0
1958 11 1 => 1958 9 20 0
1958 12 1 => 1958 10 21 0
1959 1 1 => 1958 11 22 0
1959 2 1 => 1958 12 24 0
1959 3 1 => 1959 1 22 0
1959 4 1 => 1959 2 24 0
1959 5 1 => 1959 3 24 0
1959 6 1 => 1959 4 25 0
1959 7 1 => 1959 5 26 0
1959 8 1 => 1959 6 27 0
1959 9 1 => 1959 7 29 0
1959 10 1 => 1959 8 29 0
1959 11 1 => 1959 10 1 0
1959 12 1 => 1959 11 2 0
1960 1 1 => 1959 12 3 0
1960 2 1 => 1960 1 5 0
1960 3 1 => 1960 2 3 0
1960 4 1 => 1960 3 6 0
1960 5 1 => 1960 4 6 0
1960 6 1 => 1960 5 8 0
1960 7 1 => 1960 6 8 0
1960 8 1 => 1960 6 9 1
1960 9 1 => 1960 7 11 0
1960 10 1 => 1960 8 11 0
1960 11 1 => 1960 9 13 0
1960 12 1 => 1960 10 13 0
1961 1 1 => 1960 11 15 0
1961 2 1 => 1960 12 16 0
1961 3 1 => 1961 1 15 0
1961 4 1 => 1961 2 16 0
1961 5 1 => 1961 3 17 0
1961 6 1 => 1961 4 18 0
1961 7 1 => 1961 5 19 0
1961 8 1 => 1961 6 20 0
1961 9 1 => 1961 7 22 0
1961 10 1 => 1961 8 22 0
1961 11 1 => 1961 9 23 0
1961 12 1 => 1961 10 24 0
1962 1 1 => 1961 11 25 0
1962 2 1 => 1961 12 27 0
1962 3 1 => 1962 1 25 0
1962 4 1 => 1962 2 27 0
1962 5 1 => 1962 3 27 0
1962 6 1 => 1962 4 29 0
1962 7 1 => 1962 5 30 0
1962 8 1 => 1962 7 2 0
1962 9 1 => 1962 8 3 0
1962 10 1 => 1962 9 3 0
1962 11 1 => 1962 10 5 0
1962 12 1 => 1962 11 5 0
1963 1 1 => 1962 12 6 0
1963 2 1 => 1963 1 8 0
1963 3 1 => 1963 2 6 0
1963 4 1 => 1963 3 8 0
1963 5 1 => 1963 4 8 0
1963 6 1 => 1963 4 10 1
1963 7 1 => 1963 5 11 0
1963 8 1 => 1963 6 12 0
1963 9 1 => 1963 7 14 0
1963 10 1 => 1963 8 14 0
1963 11 1 => 1963 9 16 0
1963 12 1 => 1963 10 16 0
1964 1 1 => 1963 11 17 0
1964 2 1 => 1963 12 18 0
1964 3 1 => 1964 1 17 0
1964 4 1 => 1964 2 19 0
1964 5 1 => 1964 3 20 0
1964 6 1 => 1964 4 21 0
1964 7 1 => 1964 5 22 0
1964 8 1 => 1964 6 24 0
1964 9 1 => 1964 7 25 0
1964 10 1 => 1964 8 26 0
1964 11 1 => 1964 9 27 0
1964 12 1 => 1964 10 28 0
1965 1 1 => 1964 11 29 0
1965 2 1 => 1964 12 30 0
1965 3 1 => 1965 1 28 0
1965 4 1 => 1965 2 30 0
1965 5 1 => 1965 3 30 0
1965 5 1 => 1965 4 1 0
1965 6 1 => 1965 5 2 0
1965 7 1 => 1965 6 3 0
1965 8 1 => 1965 7 5 0
1965 9 1 => 1965 8 6 0
1965 10 1 => 1965 9 7 0
1965 11 1 => 1965 10 9 0
1965 12 1 => 1965 11 9 0
1966 1 1 => 1965 12 10 0
1966 2 1 => 1966 1 12 0
1966 3 1 => 1966 2 10 0
1966 4 1 => 1966 3 11 0
1966 5 1 => 1966 3 11 1
1966 6 1 => 1966 4 13 0
1966 7 1 => 1966 5 13 0
1966 8 1 => 1966 6 15 0
1966 9 1 => 1966 7 17 0
1966 10 1 => 1966 8 17 0
1966 11 1 => 1966 9 19 0
1966 12 1 => 1966 10 20 0
1967 1 1 => 1966 11 21 0
1967 2 1 => 1966 12 22 0
1967 3 1 => 1967 1 21 0
1967 4 1 => 1967 2 22 0
1967 5 1 => 1967 3 22 0
1967 6 1 => 1967 4 24 0
1967 7 1 => 1967 5 24 0
1967 8 1 => 1967 6 25 0
1967 9 1 => 1967 7 27 0
1967 10 1 => 1967 8 28 0
1967 11 1 => 1967 9 29 0
1967 12 1 => 1967 10 30 0
1968 1 1 => 1967 12 2 0
1968 2 1 => 1968 1 3 0
1968 3 1 => 1968 2 2 0
1968 4 1 => 1968 3 4 0
1968 5 1 => 1968 4 5 0
1968 6 1 => 1968 5 6 0
1968 7 1 => 1968 6 6 0
1968 8 1 => 1968 7 8 0
1968 9 1 => 1968 7 9 1
1968 10 1 => 1968 8 10 0
1968 11 1 => 1968 9 11 0
1968 12 1 => 1968 10 12 0
1969 1 1 => 1968 11 13 0
1969 2 1 => 1968 12 15 0
1969 3 1 => 1969 1 13 0
1969 4 1 => 1969 2 15 0
1969 5 1 => 1969 3 15 0
1969 6 1 => 1969 4 17 0
1969 7 1 => 1969 5 17 0
1969 8 1 => 1969 6 19 0
1969 9 1 => 1969 7 20 0
1969 10 1 => 1969 8 20 0
1969 11 1 => 1969 9 22 0
1969 12 1 => 1969 10 22 0
1970 1 1 => 1969 11 24 0
1970 2 1 => 1969 12 25 0
1970 3 1 => 1970 1 24 0
1970 4 1 => 1970 2 25 0
1970 5 1 => 1970 3 26 0
1970 6 1 => 1970 4 28 0
1970 7 1 => 1970 5 28 0
1970 8 1 => 1970 6 30 0
1970 9 1 => 1970 8 1 0
1970 10 1 => 1970 9 2 0
1970 11 1 => 1970 10 3 0
1970 12 1 => 1970 11 3 0
1971 1 1 => 1970 12 5 0
1971 2 1 => 1971 1 6 0
1971 3 1 => 1971 2 5 0
1971 4 1 => 1971 3 6 0
1971 5 1 => 1971 4 7 0
1971 6 1 => 1971 5 9 0
1971 7 1 => 1971 5 9 1
1971 8 1 => 1971 6 11 0
1971 9 1 => 1971 7 12 0
1971 10 1 => 1971 8 13 0
1971 11 1 => 1971 9 14 0
1971 12 1 => 1971 10 14 0
1972 1 1 => 1971 11 15 0
1972 2 1 => 1971 12 17 0
1972 3 1 => 1972 1 15 0
1972 4 1 => 1972 2 18 0
1972 5 1 => 1972 3 18 0
1972 6 1 => 1972 4 20 0
1972 7 1 => 1972 5 21 0
1972 8 1 => 1972 6 22 0
1972 9 1 => 1972 7 24 0
1972 10 1 => 1972 8 24 0
1972 11 1 => 1972 9 26 0
1972 12 1 => 1972 10 26 0
1973 1 1 => 1972 11 27 0
1973 2 1 => 1972 12 29 0
1973 3 1 => 1973 1 27 0
1973 4 1 => 1973 2 28 0
1973 5 1 => 1973 3 29 0
1973 6 1 => 1973 4 30 0
1973 6 1 => 1973 5 1 0
1973 7 1 => 1973 6 2 0
1973 8 1 => 1973 7 3 0
1973 9 1 => 1973 8 5 0
1973 10 1 => 1973 9 6 0
1973 11 1 => 1973 10 7 0
1973 12 1 => 1973 11 7 0
1974 1 1 => 1973 12 9 0
1974 2 1 => 1974 1 10 0
1974 3 1 => 1974 2 8 0
1974 4 1 => 1974 3 9 0
1974 5 1 => 1974 4 10 0
1974 6 1 => 1974 4 11 1
1974 7 1 => 1974 5 12 0
1974 8 1 => 1974 6 14 0
1974 9 1 => 1974 7 15 0
1974 10 1 => 1974 8 16 0
1974 11 1 => 1974 9 18 0
1974 12 1 => 1974 10 18 0
1975 1 1 => 1974 11 19 0
1975 2 1 => 1974 12 21 0
1975 3 1 => 1975 1 19 0
1975 4 1 => 1975 2 20 0
1975 5 1 => 1975 3 20 0
1975 6 1 => 1975 4 22 0
1975 7 1 => 1975 5 22 0
1975 8 1 => 1975 6 24 0
1975 9 1 => 1975 7 26 0
1975 10 1 => 1975 8 26 0
1975 11 1 => 1975 9 28 0
1975 12 1 => 1975 10 29 0
1976 1 1 => 1975 11 30 0
1976 1 1 => 1975 12 1 0
1976 2 1 => 1976 1 2 0
1976 3 1 => 1976 2 1 0
1976 4 1 => 1976 3 2 0
1976 5 1 => 1976 4 3 0
1976 6 1 => 1976 5 4 0
1976 7 1 => 1976 6 5 0
1976 8 1 => 1976 7 6 0
1976 9 1 => 1976 8 8 0
1976 10 1 => 1976 8 8 1
1976 11 1 => 1976 9 10 0
1976 12 1 => 1976 10 11 0
1977 1 1 => 1976 11 12 0
1977 2 1 => 1976 12 14 0
1977 3 1 => 1977 1 12 0
1977 4 1 => 1977 2 13 0
1977 5 1 => 1977 3 14 0
1977 6 1 => 1977 4 15 0
1977 7 1 => 1977 5 15 0
1977 8 1 => 1977 6 17 0
1977 9 1 => 1977 7 18 0
1977 10 1 => 1977 8 19 0
1977 11 1 => 1977 9 20 0
1977 12 1 => 1977 10 21 0
1978 1 1 => 1977 11 22 0
1978 2 1 => 1977 12 24 0
1978 3 1 => 1978 1 23 0
1978 4 1 => 1978 2 24 0
1978 5 1 => 1978 3 25 0
1978 6 1 => 1978 4 26 0
1978 7 1 => 1978 5 26 0
1978 8 1 => 1978 6 28 0
1978 9 1 => 1978 7 29 0
1978 10 1 => 1978 8 29 0
1978 11 1 => 1978 10 1 0
1978 12 1 => 1978 11 2 0
1979 1 1 => 1978 12 3 0
1979 2 1 => 1979 1 5 0
1979 3 1 => 1979 2 3 0
1979 4 1 => 1979 3 5 0
1979 5 1 => 1979 4 6 0
1979 6 1 => 1979 5 7 0
1979 7 1 => 1979 6 8 0
1979 8 1 => 1979 6 9 1
1979 9 1 => 1979 7 10 0
1979 10 1 => 1979 8 11 0
1979 11 1 => 1979 9 12 0
1979 12 1 => 1979 10 12 0
1980 1 1 => 1979 11 14 0
1980 2 1 => 1979 12 15 0
1980 3 1 => 1980 1 14 0
1980 4 1 => 1980 2 16 0
1980 5 1 => 1980 3 17 0
1980 6 1 => 1980 4 19 0
1980 7 1 => 1980 5 19 0
1980 8 1 => 1980 6 21 0
1980 9 1 => 1980 7 22 0
1980 10 1 => 1980 8 23 0
1980 11 1 => 1980 9 24 0
1980 12 1 => 1980 10 24 0
1981 1 1 => 1980 11 26 0
1981 2 1 => 1980 12 27 0
1981 3 1 => 1981 1 25 0
1981 4 1 => 1981 2 27 0
1981 5 1 => 1981 3 27 0
1981 6 1 => 1981 4 29 0
1981 7 1 => 1981 5 30 0
1981 8 1 => 1981 7 2 0
1981 9 1 => 1981 8 4 0
1981 10 1 => 1981 9 4 0
1981 11 1 => 1981 10 5 0
1981 12 1 => 1981 11 6 0
1982 1 1 => 1981 12 7 0
1982 2 1 => 1982 1 8 0
1982 3 1 => 1982 2 6 0
1982 4 1 => 1982 3 8 0
1982 5 1 => 1982 4 8 0
1982 6 1 => 1982 4 10 1
1982 7 1 => 1982 5 11 0
1982 8 1 => 1982 6 12 0
1982 9 1 => 1982 7 14 0
1982 10 1 => 1982 8 15 0
1982 11 1 => 1982 9 16 0
1982 12 1 => 1982 10 17 0
1983 1 1 => 1982 11 18 0
1983 2 1 => 1982 12 19 0
1983 3 1 => 1983 1 17 0
1983 4 1 => 1983 2 18 0
1983 5 1 => 1983 3 19 0
1983 6 1 => 1983 4 20 0
1983 7 1 => 1983 5 21 0
1983 8 1 => 1983 6 23 0
1983 9 1 => 1983 7 24 0
1983 10 1 => 1983 8 25 0
1983 11 1 => 1983 9 27 0
1983 12 1 => 1983 10 27 0
1984 1 1 => 1983 11 29 0
1984 2 1 => 1983 12 30 0
1984 3 1 => 1984 1 28 0
1984 4 1 => 1984 2 30 0
1984 4 1 => 1984 3 1 0
1984 5 1 => 1984 4 1 0
1984 6 1 => 1984 5 2 0
1984 7 1 => 1984 6 3 0
1984 8 1 => 1984 7 5 0
1984 9 1 => 1984 8 6 0
1984 10 1 => 1984 9 7 0
1984 11 1 => 1984 10 9 0
1984 12 1 => 1984 10 9 1
1985 1 1 => 1984 11 11 0
1985 1 1 => 1984 12 2 0
1985 3 1 => 1985 1 10 0
1985 4 1 => 1985 1 12 1
1985 5 1 => 1985 2 12 0
1985 6 1 => 1985 3 13 0
1985 7 1 => 1985 4 14 0
1985 8 1 => 1985 5 15 0
1985 9 1 => 1985 6 17 0
1985 10 1 => 1985 7 17 0
1985 11 1 => 1985 8 19 0
1985 12 1 => 1985 9 20 0
1985 1 1 => 1985 10 21 0
1986 2 1 => 1985 11 23 0
1986 1 1 => 1985 12 2 0
1986 3 1 => 1986 1 21 0
1986 4 1 => 1986 2 23 0
1986 5 1 => 1986 3 23 0
1986 6 1 => 1986 4 24 0
1986 7 1 => 1986 5 25 0
1986 8 1 => 1986 6 26 0
1986 9 1 => 1986 7 27 0
1986 10 1 => 1986 8 28 0
1986 11 1 => 1986 9 29 0
1986 12 1 => 1986 10 30 0
1987 1 1 => 1986 12 2 0
1987 2 1 => 1987 1 4 0
1987 3 1 => 1987 2 2 0
1987 4 1 => 1987 3 4 0
1987 5 1 => 1987 4 4 0
1987 6 1 => 1987 5 6 0
1987 7 1 => 1987 6 6 0
1987 8 1 => 1987 6 7 1
1987 9 1 => 1987 7 9 0
1987 10 1 => 1987 8 9 0
1987 11 1 => 1987 9 10 0
1987 12 1 => 1987 10 11 0
1988 1 1 => 1987 11 12 0
1988 2 1 => 1987 12 14 0
1988 3 1 => 1988 1 13 0
1988 4 1 => 1988 2 15 0
1988 5 1 => 1988 3 16 0
1988 6 1 => 1988 4 17 0
1988 7 1 => 1988 5 18 0
1988 8 1 => 1988 6 19 0
1988 9 1 => 1988 7 21 0
1988 10 1 => 1988 8 21 0
1988 11 1 => 1988 9 22 0
1988 12 1 => 1988 10 23 0
1989 1 1 => 1988 11 24 0
1989 2 1 => 1988 12 25 0
1989 3 1 => 1989 1 24 0
1989 4 1 => 1989 2 25 0
1989 5 1 => 1989 3 26 0
1989 6 1 => 1989 4 28 0
1989 7 1 => 1989 5 28 0
1989 8 1 => 1989 6 30 0
1989 9 1 => 1989 8 2 0
1989 10 1 => 1989 9 2 0
1989 11 1 => 1989 10 4 0
1989 12 1 => 1989 11 4 0
1990 1 1 => 1989 12 5 0
1990 2 1 => 1990 1 6 0
1990 3 1 => 1990 2 5 0
1990 4 1 => 1990 3 6 0
1990 5 1 => 1990 4 7 0
1990 6 1 => 1990 5 9 0
1990 7 1 => 1990 5 9 1
1990 8 1 => 1990 6 11 0
1990 9 1 => 1990 7 13 0
1990 10 1 => 1990 8 13 0
1990 11 1 => 1990 9 15 0
1990 12 1 => 1990 10 15 0
1991 1 1 => 1990 11 16 0
1991 2 1 => 1990 12 17 0
1991 3 1 => 1991 1 15 0
1991 4 1 => 1991 2 17 0
1991 5 1 => 1991 3 17 0
1991 6 1 => 1991 4 19 0
1991 7 1 => 1991 5 20 0
1991 8 1 => 1991 6 21 0
1991 9 1 => 1991 7 23 0
1991 10 1 => 1991 8 24 0
1991 11 1 => 1991 9 25 0
1991 12 1 => 1991 10 26 0
1992 1 1 => 1991 11 27 0
1992 2 1 => 1991 12 28 0
1992 3 1 => 1992 1 26 0
1992 4 1 => 1992 2 29 0
1992 5 1 => 1992 3 29 0
1992 6 1 => 1992 4 30 0
1992 6 1 => 1992 5 1 0
1992 7 1 => 1992 6 2 0
1992 8 1 => 1992 7 3 0
1992 9 1 => 1992 8 5 0
1992 10 1 => 1992 9 6 0
1992 11 1 => 1992 10 7 0
1992 12 1 => 1992 11 8 0
1993 1 1 => 1992 12 9 0
1993 2 1 => 1993 1 10 0
1993 3 1 => 1993 2 9 0
1993 4 1 => 1993 3 10 0
1993 5 1 => 1993 3 10 1
1993 6 1 => 1993 4 12 0
1993 7 1 => 1993 5 12 0
1993 8 1 => 1993 6 14 0
1993 9 1 => 1993 7 15 0
1993 10 1 => 1993 8 16 0
1993 11 1 => 1993 9 18 0
1993 12 1 => 1993 10 18 0
1994 1 1 => 1993 11 20 0
1994 2 1 => 1993 12 21 0
1994 3 1 => 1994 1 20 0
1994 4 1 => 1994 2 21 0
1994 5 1 => 1994 3 21 0
1994 6 1 => 1994 4 22 0
1994 7 1 => 1994 5 23 0
1994 8 1 => 1994 6 24 0
1994 9 1 => 1994 7 26 0
1994 10 1 => 1994 8 26 0
1994 11 1 => 1994 9 28 0
1994 12 1 => 1994 10 29 0
1995 1 1 => 1994 11 30 0
1995 1 1 => 1994 12 1 0
1995 2 1 => 1995 1 2 0
1995 3 1 => 1995 2 1 0
1995 4 1 => 1995 3 2 0
1995 5 1 => 1995 4 2 0
1995 6 1 => 1995 5 4 0
1995 7 1 => 1995 6 4 0
1995 8 1 => 1995 7 6 0
1995 9 1 => 1995 8 7 0
1995 10 1 => 1995 8 7 1
1995 11 1 => 1995 9 9 0
1995 12 1 => 1995 10 10 0
1996 1 1 => 1995 11 11 0
1996 2 1 => 1995 12 13 0
1996 3 1 => 1996 1 11 0
1996 4 1 => 1996 2 14 0
1996 5 1 => 1996 3 14 0
1996 6 1 => 1996 4 16 0
1996 7 1 => 1996 5 16 0
1996 8 1 => 1996 6 17 0
1996 9 1 => 1996 7 19 0
1996 10 1 => 1996 8 19 0
1996 11 1 => 1996 9 21 0
1996 12 1 => 1996 10 21 0
1997 1 1 => 1996 11 22 0
1997 2 1 => 1996 12 24 0
1997 3 1 => 1997 1 23 0
1997 4 1 => 1997 2 24 0
1997 5 1 => 1997 3 25 0
1997 6 1 => 1997 4 26 0
1997 7 1 => 1997 5 27 0
1997 8 1 => 1997 6 28 0
1997 9 1 => 1997 7 30 0
1997 10 1 => 1997 8 30 0
1997 11 1 => 1997 10 2 0
1997 12 1 => 1997 11 2 0
1998 1 1 => 1997 12 3 0
1998 2 1 => 1998 1 5 0
1998 3 1 => 1998 2 3 0
1998 4 1 => 1998 3 5 0
1998 5 1 => 1998 4 6 0
1998 6 1 => 1998 5 7 0
1998 7 1 => 1998 5 8 1
1998 8 1 => 1998 6 10 0
1998 9 1 => 1998 7 11 0
1998 10 1 => 1998 8 11 0
1998 11 1 => 1998 9 13 0
1998 12 1 => 1998 10 13 0
1999 1 1 => 1998 11 14 0
1999 2 1 => 1998 12 16 0
1999 3 1 => 1999 1 14 0
1999 4 1 => 1999 2 15 0
1999 5 1 => 1999 3 16 0
1999 6 1 => 1999 4 18 0
1999 7 1 => 1999 5 18 0
1999 8 1 => 1999 6 20 0
1999 9 1 => 1999 7 22 0
1999 10 1 => 1999 8 22 0
1999 11 1 => 1999 9 24 0
1999 12 1 => 1999 10 24 0
2000 1 1 => 1999 11 25 0
2000 2 1 => 1999 12 26 0
2000 3 1 => 2000 1 25 0
2000 4 1 => 2000 2 27 0
2000 5 1 => 2000 3 27 0
2000 6 1 => 2000 4 29 0
2000 7 1 => 2000 5 30 0
2000 8 1 => 2000 7 2 0
2000 9 1 => 2000 8 4 0
2000 10 1 => 2000 9 4 0
2000 11 1 => 2000 10 6 0
2000 12 1 => 2000 11 6 0
2001 1 1 => 2000 12 7 0
2001 2 1 => 2001 1 9 0
2001 3 1 => 2001 2 7 0
2001 4 1 => 2001 3 8 0
2001 5 1 => 2001 4 9 0
2001 6 1 => 2001 4 10 1
2001 7 1 => 2001 5 11 0
2001 8 1 => 2001 6 12 0
2001 9 1 => 2001 7 14 0
2001 10 1 => 2001 8 15 0
2001 11 1 => 2001 9 16 0
2001 12 1 => 2001 10 17 0
2002 1 1 => 2001 11 18 0
2002 2 1 => 2001 12 20 0
2002 3 1 => 2002 1 18 0
2002 4 1 => 2002 2 19 0
2002 5 1 => 2002 3 19 0
2002 6 1 => 2002 4 21 0
2002 7 1 => 2002 5 21 0
2002 8 1 => 2002 6 23 0
2002 9 1 => 2002 7 24 0
2002 10 1 => 2002 8 25 0
2002 11 1 => 2002 9 27 0
2002 12 1 => 2002 10 27 0
2003 1 1 => 2002 11 29 0
2003 2 1 => 2002 12 30 0
2003 2 1 => 2003 1 1 0
2003 3 1 => 2003 1 29 0
2003 4 1 => 2003 2 30 0
2003 5 1 => 2003 3 30 0
2003 5 1 => 2003 4 1 0
2003 6 1 => 2003 5 2 0
2003 7 1 => 2003 6 2 0
2003 8 1 => 2003 7 4 0
2003 9 1 => 2003 8 5 0
2003 10 1 => 2003 9 6 0
2003 11 1 => 2003 10 8 0
2003 12 1 => 2003 11 8 0
2004 1 1 => 2003 12 10 0
2004 2 1 => 2004 1 11 0
2004 3 1 => 2004 2 10 0
2004 4 1 => 2004 2 12 1
2004 5 1 => 2004 3 13 0
2004 6 1 => 2004 4 14 0
2004 7 1 => 2004 5 14 0
2004 8 1 => 2004 6 16 0
2004 9 1 => 2004 7 17 0
2004 10 1 => 2004 8 18 0
2004 11 1 => 2004 9 19 0
2004 12 1 => 2004 10 20 0
2005 1 1 => 2004 11 21 0
2005 2 1 => 2004 12 23 0
2005 3 1 => 2005 1 21 0
2005 4 1 => 2005 2 23 0
2005 5 1 => 2005 3 23 0
2005 6 1 => 2005 4 25 0
2005 7 1 => 2005 5 25 0
2005 8 1 => 2005 6 27 0
2005 9 1 => 2005 7 28 0
2005 10 1 => 2005 8 28 0
2005 11 1 => 2005 9 30 0
2005 12 1 => 2005 10 30 0
2005 12 1 => 2005 11 1 0
2006 1 1 => 2005 12 2 0
2006 2 1 => 2006 1 4 0
2006 3 1 => 2006 2 2 0
2006 4 1 => 2006 3 4 0
2006 5 1 => 2006 4 4 0
2006 6 1 => 2006 5 6 0
2006 7 1 => 2006 6 6 0
2006 8 1 => 2006 7 8 0
2006 9 1 => 2006 7 9 1
2006 10 1 => 2006 8 10 0
2006 11 1 => 2006 9 11 0
2006 12 1 => 2006 10 11 0
2007 1 1 => 2006 11 13 0
2007 2 1 => 2006 12 14 0
2007 3 1 => 2007 1 12 0
2007 4 1 => 2007 2 14 0
2007 5 1 => 2007 3 15 0
2007 6 1 => 2007 4 16 0
2007 7 1 => 2007 5 17 0
2007 8 1 => 2007 6 19 0
2007 9 1 => 2007 7 20 0
2007 10 1 => 2007 8 21 0
2007 11 1 => 2007 9 22 0
2007 12 1 => 2007 10 22 0
2008 1 1 => 2007 11 23 0
2008 2 1 => 2007 12 25 0
2008 3 1 => 2008 1 23 0
2008 4 1 => 2008 2 25 0
2008 5 1 => 2008 3 26 0
2008 6 1 => 2008 4 28 0
2008 7 1 => 2008 5 28 0
2008 8 1 => 2008 6 30 0
2008 8 1 => 2008 7 1 0
2008 9 1 => 2008 8 2 0
2008 10 1 => 2008 9 3 0
2008 11 1 => 2008 10 4 0
2008 12 1 => 2008 11 4 0
2009 1 1 => 2008 12 6 0
2009 2 1 => 2009 1 7 0
2009 3 1 => 2009 2 5 0
2009 4 1 => 2009 3 6 0
2009 5 1 => 2009 4 7 0
2009 6 1 => 2009 5 9 0
2009 7 1 => 2009 5 9 1
2009 8 1 => 2009 6 11 0
2009 9 1 => 2009 7 13 0
2009 10 1 => 2009 8 13 0
2009 11 1 => 2009 9 15 0
2009 12 1 => 2009 10 15 0
2010 1 1 => 2009 11 17 0
2010 2 1 => 2009 12 18 0
2010 3 1 => 2010 1 16 0
2010 4 1 => 2010 2 17 0
2010 5 1 => 2010 3 18 0
2010 6 1 => 2010 4 19 0
2010 7 1 => 2010 5 20 0
2010 8 1 => 2010 6 21 0
2010 9 1 => 2010 7 23 0
2010 10 1 => 2010 8 24 0
2010 11 1 => 2010 9 25 0
2010 12 1 => 2010 10 26 0
2011 1 1 => 2010 11 27 0
2011 2 1 => 2010 12 29 0
2011 3 1 => 2011 1 27 0
2011 4 1 => 2011 2 28 0
2011 5 1 => 2011 3 29 0
2011 6 1 => 2011 4 30 0
2011 7 1 => 2011 5 30 0
2011 7 1 => 2011 6 1 0
2011 8 1 => 2011 7 2 0
2011 9 1 => 2011 8 4 0
2011 10 1 => 2011 9 5 0
2011 11 1 => 2011 10 6 0
2011 12 1 => 2011 11 7 0
2012 1 1 => 2011 12 8 0
2012 2 1 => 2012 1 10 0
2012 3 1 => 2012 2 8 0
2012 4 1 => 2012 3 11 0
2012 5 1 => 2012 4 11 0
2012 6 1 => 2012 4 12 1
2012 7 1 => 2012 5 13 0
2012 8 1 => 2012 6 14 0
2012 9 1 => 2012 7 16 0
2012 10 1 => 2012 8 16 0
2012 11 1 => 2012 9 18 0
2012 12 1 => 2012 10 18 0
2013 1 1 => 2012 11 20 0
2013 2 1 => 2012 12 21 0
2013 3 1 => 2013 1 20 0
2013 4 1 => 2013 2 21 0
2013 5 1 => 2013 3 22 0
2013 6 1 => 2013 4 23 0
2013 7 1 => 2013 5 24 0
2013 8 1 => 2013 6 25 0
2013 9 1 => 2013 7 26 0
2013 10 1 => 2013 8 27 0
2013 11 1 => 2013 9 28 0
2013 12 1 => 2013 10 29 0
2014 1 1 => 2013 11 30 0
2014 1 1 => 2013 12 1 0
2014 2 1 => 2014 1 2 0
2014 3 1 => 2014 2 1 0
2014 4 1 => 2014 3 2 0
2014 5 1 => 2014 4 3 0
2014 6 1 => 2014 5 4 0
2014 7 1 => 2014 6 5 0
2014 8 1 => 2014 7 6 0
2014 9 1 => 2014 8 8 0
2014 10 1 => 2014 9 8 0
2014 11 1 => 2014 9 9 1
2014 12 1 => 2014 10 10 0
2015 1 1 => 2014 11 11 0
2015 2 1 => 2014 12 13 0
2015 3 1 => 2015 1 11 0
2015 4 1 => 2015 2 13 0
2015 5 1 => 2015 3 13 0
2015 6 1 => 2015 4 15 0
2015 7 1 => 2015 5 16 0
2015 8 1 => 2015 6 17 0
2015 9 1 => 2015 7 19 0
2015 10 1 => 2015 8 19 0
2015 11 1 => 2015 9 20 0
2015 12 1 => 2015 10 20 0
2016 1 1 => 2015 11 22 0
2016 2 1 => 2015 12 23 0
2016 3 1 => 2016 1 22 0
2016 4 1 => 2016 2 24 0
2016 5 1 => 2016 3 25 0
2016 6 1 => 2016 4 26 0
2016 7 1 => 2016 5 27 0
2016 8 1 => 2016 6 29 0
2016 9 1 => 2016 7 30 0
2016 9 1 => 2016 8 1 0
2016 10 1 => 2016 9 1 0
2016 11 1 => 2016 10 2 0
2016 12 1 => 2016 11 3 0
2017 1 1 => 2016 12 4 0
2017 2 1 => 2017 1 5 0
2017 3 1 => 2017 2 4 0
2017 4 1 => 2017 3 5 0
2017 5 1 => 2017 4 6 0
2017 6 1 => 2017 5 7 0
2017 7 1 => 2017 6 8 0
2017 8 1 => 2017 6 10 1
2017 9 1 => 2017 7 11 0
2017 10 1 => 2017 8 12 0
2017 11 1 => 2017 9 13 0
2017 12 1 => 2017 10 14 0
2018 1 1 => 2017 11 15 0
2018 2 1 => 2017 12 16 0
2018 3 1 => 2018 1 14 0
2018 4 1 => 2018 2 16 0
2018 5 1 => 2018 3 16 0
2018 6 1 => 2018 4 18 0
2018 7 1 => 2018 5 18 0
2018 8 1 => 2018 6 20 0
2018 9 1 => 2018 7 22 0
2018 10 1 => 2018 8 22 0
2018 11 1 => 2018 9 24 0
2018 12 1 => 2018 10 24 0
2019 1 1 => 2018 11 26 0
2019 2 1 => 2018 12 27 0
2019 3 1 => 2019 1 25 0
2019 4 1 => 2019 2 26 0
2019 5 1 => 2019 3 27 0
2019 6 1 => 2019 4 28 0
2019 7 1 => 2019 5 29 0
2019 8 1 => 2019 6 30 0
2019 8 1 => 2019 7 1 0
2019 9 1 => 2019 8 3 0
2019 10 1 => 2019 9 3 0
2019 11 1 => 2019 10 5 0
2019 12 1 => 2019 11 6 0
2020 1 1 => 2019 12 7 0
2020 2 1 => 2020 1 8 0
2020 3 1 => 2020 2 7 0
2020 4 1 => 2020 3 9 0
2020 5 1 => 2020 4 9 0
2020 6 1 => 2020 4 10 1
2020 7 1 => 2020 5 11 0
2020 8 1 => 2020 6 12 0
2020 9 1 => 2020 7 14 0
2020 10 1 => 2020 8 15 0
2020 11 1 => 2020 9 16 0
2020 12 1 => 2020 10 17 0
2021 1 1 => 2020 11 18 0
2021 2 1 => 2020 12 20 0
2021 3 1 => 2021 1 18 0
2021 4 1 => 2021 2 20 0
2021 5 1 => 2021 3 20 0
2021 6 1 => 2021 4 21 0
2021 7 1 => 2021 5 22 0
2021 8 1 => 2021 6 23 0
2021 9 1 => 2021 7 25 0
2021 10 1 => 2021 8 25 0
2021 11 1 => 2021 9 27 0
2021 12 1 => 2021 10 27 0
2022 1 1 => 2021 11 29 0
2022 2 1 => 2021 12 30 0
2022 2 1 => 2022 1 1 0
2022 3 1 => 2022 1 29 0
2022 4 1 => 2022 2 30 0
2022 4 1 => 2022 3 1 0
2022 5 1 => 2022 4 1 0
2022 6 1 => 2022 5 3 0
2022 7 1 => 2022 6 3 0
2022 8 1 => 2022 7 4 0
2022 9 1 => 2022 8 6 0
2022 10 1 => 2022 9 6 0
2022 11 1 => 2022 10 8 0
2022 12 1 => 2022 11 8 0
2023 1 1 => 2022 12 10 0
2023 2 1 => 2023 1 11 0
2023 3 1 => 2023 2 10 0
2023 4 1 => 2023 2 11 1
2023 5 1 => 2023 3 12 0
2023 6 1 => 2023 4 14 0
2023 7 1 => 2023 5 14 0
2023 8 1 => 2023 6 15 0
2023 9 1 => 2023 7 17 0
2023 10 1 => 2023 8 17 0
2023 11 1 => 2023 9 18 0
2023 12 1 => 2023 10 19 0
2024 1 1 => 2023 11 20 0
2024 2 1 => 2023 12 22 0
2024 3 1 => 2024 1 20 0
2024 4 1 => 2024 2 23 0
2024 5 1 => 2024 3 23 0
2024 6 1 => 2024 4 25 0
2024 7 1 => 2024 5 26 0
2024 8 1 => 2024 6 27 0
2024 9 1 => 2024 7 29 0
2024 10 1 => 2024 8 29 0
2024 11 1 => 2024 9 30 0
2024 11 1 => 2024 10 1 0
2024 12 1 => 2024 11 1 0
2025 1 1 => 2024 12 2 0
2025 2 1 => 2025 1 4 0
2025 3 1 => 2025 2 2 0
2025 4 1 => 2025 3 4 0
2025 5 1 => 2025 4 4 0
2025 6 1 => 2025 5 6 0
2025 7 1 => 2025 6 7 0
2025 8 1 => 2025 6 8 1
2025 9 1 => 2025 7 10 0
2025 10 1 => 2025 8 10 0
2025 11 1 => 2025 9 12 0
2025 12 1 => 2025 10 12 0
2026 1 1 => 2025 11 13 0
2026 2 1 => 2025 12 14 0
2026 3 1 => 2026 1 13 0
2026 4 1 => 2026 2 14 0
2026 5 1 => 2026 3 15 0
2026 6 1 => 2026 4 16 0
2026 7 1 => 2026 5 17 0
2026 8 1 => 2026 6 19 0
2026 9 1 => 2026 7 20 0
2026 10 1 => 2026 8 21 0
2026 11 1 => 2026 9 23 0
2026 12 1 => 2026 10 23 0
2027 1 1 => 2026 11 24 0
2027 2 1 => 2026 12 25 0
2027 3 1 => 2027 1 24 0
2027 4 1 => 2027 2 25 0
2027 5 1 => 2027 3 25 0
2027 6 1 => 2027 4 27 0
2027 7 1 => 2027 5 27 0
2027 8 1 => 2027 6 29 0
2027 9 1 => 2027 8 1 0
2027 10 1 => 2027 9 2 0
2027 11 1 => 2027 10 4 0
2027 12 1 => 2027 11 4 0
2028 1 1 => 2027 12 5 0
2028 2 1 => 2028 1 7 0
2028 3 1 => 2028 2 5 0
2028 4 1 => 2028 3 7 0
2028 5 1 => 2028 4 7 0
2028 6 1 => 2028 5 9 0
2028 7 1 => 2028 5 9 1
2028 8 1 => 2028 6 11 0
2028 9 1 => 2028 7 13 0
2028 10 1 => 2028 8 13 0
2028 11 1 => 2028 9 15 0
2028 12 1 => 2028 10 16 0
2029 1 1 => 2028 11 17 0
2029 2 1 => 2028 12 18 0
2029 3 1 => 2029 1 17 0
2029 4 1 => 2029 2 18 0
2029 5 1 => 2029 3 18 0
2029 6 1 => 2029 4 20 0
2029 7 1 => 2029 5 20 0
2029 8 1 => 2029 6 22 0
2029 9 1 => 2029 7 23 0
2029 10 1 => 2029 8 24 0
2029 11 1 => 2029 9 25 0
2029 12 1 => 2029 10 26 0
2030 1 1 => 2029 11 28 0
2030 2 1 => 2029 12 29 0
2030 3 1 => 2030 1 27 0
2030 4 1 => 2030 2 29 0
2030 5 1 => 2030 3 29 0
2030 6 1 => 2030 5 1 0
2030 7 1 => 2030 6 1 0
2030 8 1 => 2030 7 3 0
2030 9 1 => 2030 8 4 0
2030 10 1 => 2030 9 5 0
2030 11 1 => 2030 10 6 0
2030 12 1 => 2030 11 7 0
2031 1 1 => 2030 12 8 0
2031 2 1 => 2031 1 10 0
2031 3 1 => 2031 2 9 0
2031 4 1 => 2031 3 10 0
2031 5 1 => 2031 3 10 1
2031 6 1 => 2031 4 12 0
2031 7 1 => 2031 5 12 0
2031 8 1 => 2031 6 14 0
2031 9 1 => 2031 7 15 0
2031 10 1 => 2031 8 15 0
2031 11 1 => 2031 9 17 0
2031 12 1 => 2031 10 17 0
2032 1 1 => 2031 11 19 0
2032 2 1 => 2031 12 20 0
2032 3 1 => 2032 1 19 0
2032 4 1 => 2032 2 21 0
2032 5 1 => 2032 3 22 0
2032 6 1 => 2032 4 24 0
2032 7 1 => 2032 5 24 0
2032 8 1 => 2032 6 26 0
2032 9 1 => 2032 7 27 0
2032 10 1 => 2032 8 27 0
2032 11 1 => 2032 9 29 0
2032 12 1 => 2032 10 29 0
2033 1 1 => 2032 11 30 0
2033 1 1 => 2032 12 1 0
2033 2 1 => 2033 1 2 0
2033 3 1 => 2033 2 1 0
2033 4 1 => 2033 3 2 0
2033 5 1 => 2033 4 3 0
2033 6 1 => 2033 5 5 0
2033 7 1 => 2033 6 5 0
2033 8 1 => 2033 7 7 0
2033 9 1 => 2033 8 8 0
2033 10 1 => 2033 9 9 0
2033 11 1 => 2033 10 10 0
2033 12 1 => 2033 10 10 1
2034 1 1 => 2033 11 11 0
2034 1 1 => 2033 12 2 0
2034 3 1 => 2034 1 11 0
2034 4 1 => 2034 1 13 1
2034 5 1 => 2034 2 13 0
2034 6 1 => 2034 3 15 0
2034 7 1 => 2034 4 16 0
2034 8 1 => 2034 5 17 0
2034 9 1 => 2034 6 19 0
2034 10 1 => 2034 7 19 0
2034 11 1 => 2034 8 21 0
2034 12 1 => 2034 9 21 0
2034 1 1 => 2034 10 22 0
2035 2 1 => 2034 11 24 0
2035 1 1 => 2034 12 2 0
2035 3 1 => 2035 1 22 0
2035 4 1 => 2035 2 23 0
2035 5 1 => 2035 3 24 0
2035 6 1 => 2035 4 25 0
2035 7 1 => 2035 5 26 0
2035 8 1 => 2035 6 28 0
2035 9 1 => 2035 7 29 0
2035 10 1 => 2035 8 30 0
2035 10 1 => 2035 9 1 0
2035 11 1 => 2035 10 2 0
2035 12 1 => 2035 11 2 0
2036 1 1 => 2035 12 4 0
2036 2 1 => 2036 1 5 0
2036 3 1 => 2036 2 3 0
2036 4 1 => 2036 3 5 0
2036 5 1 => 2036 4 6 0
2036 6 1 => 2036 5 7 0
2036 7 1 => 2036 6 8 0
2036 8 1 => 2036 6 10 1
2036 9 1 => 2036 7 11 0
2036 10 1 => 2036 8 12 0
2036 11 1 => 2036 9 14 0
2036 12 1 => 2036 10 14 0
2037 1 1 => 2036 11 16 0
2037 2 1 => 2036 12 17 0
2037 3 1 => 2037 1 15 0
2037 4 1 => 2037 2 16 0
2037 5 1 => 2037 3 16 0
2037 6 1 => 2037 4 18 0
2037 7 1 => 2037 5 18 0
2037 8 1 => 2037 6 20 0
2037 9 1 => 2037 7 22 0
2037 10 1 => 2037 8 22 0
2037 11 1 => 2037 9 24 0
2037 12 1 => 2037 10 25 0
2038 1 1 => 2037 11 26 0
2038 2 1 => 2037 12 28 0
2038 3 1 => 2038 1 26 0
2038 4 1 => 2038 2 27 0
2038 5 1 => 2038 3 27 0
2038 6 1 => 2038 4 29 0
2038 7 1 => 2038 5 29 0
2038 8 1 => 2038 7 1 0
2038 9 1 => 2038 8 3 0
2038 10 1 => 2038 9 3 0
2038 11 1 => 2038 10 5 0
2038 12 1 => 2038 11 6 0
2039 1 1 => 2038 12 7 0
2039 2 1 => 2039 1 9 0
2039 3 1 => 2039 2 7 0
2039 4 1 => 2039 3 8 0
2039 5 1 => 2039 4 9 0
2039 6 1 => 2039 5 10 0
2039 7 1 => 2039 5 10 1
2039 8 1 => 2039 6 12 0
2039 9 1 => 2039 7 13 0
2039 10 1 => 2039 8 14 0
2039 11 1 => 2039 9 15 0
2039 12 1 => 2039 10 16 0
2040 1 1 => 2039 11 17 0
2040 2 1 => 2039 12 19 0
2040 3 1 => 2040 1 18 0
2040 4 1 => 2040 2 20 0
2040 5 1 => 2040 3 21 0
2040 6 1 => 2040 4 22 0
2040 7 1 => 2040 5 22 0
2040 8 1 => 2040 6 24 0
2040 9 1 => 2040 7 25 0
2040 10 1 => 2040 8 26 0
2040 11 1 => 2040 9 27 0
2040 12 1 => 2040 10 27 0
2041 1 1 => 2040 11 29 0
2041 2 1 => 2040 12 30 0
2041 2 1 => 2041 1 1 0
2041 3 1 => 2041 1 29 0
2041 4 1 => 2041 3 1 0
2041 5 1 => 2041 4 2 0
2041 6 1 => 2041 5 3 0
2041 7 1 => 2041 6 4 0
2041 8 1 => 2041 7 5 0
2041 9 1 => 2041 8 6 0
2041 10 1 => 2041 9 7 0
2041 11 1 => 2041 10 8 0
2041 12 1 => 2041 11 8 0
2042 1 1 => 2041 12 10 0
2042 2 1 => 2042 1 11 0
2042 3 1 => 2042 2 10 0
2042 4 1 => 2042 2 11 1
2042 5 1 => 2042 3 12 0
2042 6 1 => 2042 4 14 0
2042 7 1 => 2042 5 14 0
2042 8 1 => 2042 6 16 0
2042 9 1 => 2042 7 17 0
2042 10 1 => 2042 8 18 0
2042 11 1 => 2042 9 19 0
2042 12 1 => 2042 10 19 0
2043 1 1 => 2042 11 21 0
2043 2 1 => 2042 12 22 0
2043 3 1 => 2043 1 20 0
2043 4 1 => 2043 2 22 0
2043 5 1 => 2043 3 22 0
2043 6 1 => 2043 4 24 0
2043 7 1 => 2043 5 25 0
2043 8 1 => 2043 6 26 0
2043 9 1 => 2043 7 28 0
2043 10 1 => 2043 8 29 0
2043 11 1 => 2043 9 30 0
2043 12 1 => 2043 10 30 0
2043 12 1 => 2043 11 1 0
2044 1 1 => 2043 12 2 0
2044 2 1 => 2044 1 3 0
2044 3 1 => 2044 2 1 0
2044 4 1 => 2044 3 4 0
2044 5 1 => 2044 4 4 0
2044 6 1 => 2044 5 6 0
2044 7 1 => 2044 6 7 0
2044 8 1 => 2044 7 8 0
2044 9 1 => 2044 7 10 1
2044 10 1 => 2044 8 11 0
2044 11 1 => 2044 9 12 0
2044 12 1 => 2044 10 13 0
2045 1 1 => 2044 11 14 0
2045 2 1 => 2044 12 15 0
2045 3 1 => 2045 1 13 0
2045 4 1 => 2045 2 14 0
2045 5 1 => 2045 3 15 0
2045 6 1 => 2045 4 16 0
2045 7 1 => 2045 5 17 0
2045 8 1 => 2045 6 19 0
2045 9 1 => 2045 7 20 0
2045 10 1 => 2045 8 21 0
2045 11 1 => 2045 9 23 0
2045 12 1 => 2045 10 23 0
2046 1 1 => 2045 11 25 0
2046 2 1 => 2045 12 26 0
2046 3 1 => 2046 1 24 0
2046 4 1 => 2046 2 25 0
2046 5 1 => 2046 3 26 0
2046 6 1 => 2046 4 27 0
2046 7 1 => 2046 5 28 0
2046 8 1 => 2046 6 29 0
2046 9 1 => 2046 8 1 0
2046 10 1 => 2046 9 2 0
2046 11 1 => 2046 10 4 0
2046 12 1 => 2046 11 4 0
2047 1 1 => 2046 12 6 0
2047 2 1 => 2047 1 7 0
2047 3 1 => 2047 2 5 0
2047 4 1 => 2047 3 7 0
2047 5 1 => 2047 4 7 0
2047 6 1 => 2047 5 8 0
2047 7 1 => 2047 5 9 1
2047 8 1 => 2047 6 10 0
2047 9 1 => 2047 7 12 0
2047 10 1 => 2047 8 12 0
2047 11 1 => 2047 9 14 0
2047 12 1 => 2047 10 15 0
2048 1 1 => 2047 11 16 0
2048 2 1 => 2047 12 18 0
2048 3 1 => 2048 1 16 0
2048 4 1 => 2048 2 19 0
2048 5 1 => 2048 3 19 0
2048 6 1 => 2048 4 20 0
2048 7 1 => 2048 5 21 0
2048 8 1 => 2048 6 22 0
2048 9 1 => 2048 7 23 0
2048 10 1 => 2048 8 24 0
2048 11 1 => 2048 9 25 0
2048 12 1 => 2048 10 26 0
2049 1 1 => 2048 11 28 0
2049 2 1 => 2048 12 29 0
2049 3 1 => 2049 1 28 0
2049 4 1 => 2049 2 29 0
2049 5 1 => 2049 3 30 0
2049 6 1 => 2049 5 2 0
2049 7 1 => 2049 6 2 0
2049 8 1 => 2049 7 3 0
2049 9 1 => 2049 8 5 0
2049 10 1 => 2049 9 5 0
2049 11 1 => 2049 10 6 0
2049 12 1 => 2049 11 7 0
2050 1 1 => 2049 12 8 0
2050 2 1 => 2050 1 10 0
2050 3 1 => 2050 2 9 0
2050 4 1 => 2050 3 10 0
2050 5 1 => 2050 3 11 1
2050 6 1 => 2050 4 12 0
2050 7 1 => 2050 5 13 0
2050 8 1 => 2050 6 14 0
2050 9 1 => 2050 7 16 0
2050 10 1 => 2050 8 16 0
2050 11 1 => 2050 9 17 0
2050 12 1 => 2050 10 18 0
2051 1 1 => 2050 11 19 0
2051 2 1 => 2050 12 20 0
2051 3 1 => 2051 1 19 0
2051 4 1 => 2051 2 20 0
2051 5 1 => 2051 3 21 0
2051 6 1 => 2051 4 23 0
2051 7 1 => 2051 5 23 0
2051 8 1 => 2051 6 25 0
2051 9 1 => 2051 7 27 0
2051 10 1 => 2051 8 27 0
2051 11 1 => 2051 9 28 0
2051 12 1 => 2051 10 29 0
2052 1 1 => 2051 11 30 0
2052 2 1 => 2052 1 1 0
2052 3 1 => 2052 1 29 0
2052 3 1 => 2052 2 1 0
2052 4 1 => 2052 3 2 0
2052 5 1 => 2052 4 3 0
2052 6 1 => 2052 5 5 0
2052 7 1 => 2052 6 5 0
2052 8 1 => 2052 7 7 0
2052 9 1 => 2052 8 9 0
2052 10 1 => 2052 8 9 1
2052 11 1 => 2052 9 11 0
2052 12 1 => 2052 10 11 0
2053 1 1 => 2052 11 12 0
2053 1 1 => 2052 12 2 0
2053 3 1 => 2053 1 11 0
2053 4 1 => 2053 1 13 1
2053 5 1 => 2053 2 13 0
2053 6 1 => 2053 3 15 0
2053 7 1 => 2053 4 16 0
2053 8 1 => 2053 5 17 0
2053 9 1 => 2053 6 19 0
2053 10 1 => 2053 7 20 0
2053 11 1 => 2053 8 21 0
2053 12 1 => 2053 9 22 0
2053 1 1 => 2053 10 23 0
2054 2 1 => 2053 11 24 0
2054 1 1 => 2053 12 2 0
2054 3 1 => 2054 1 22 0
2054 4 1 => 2054 2 24 0
2054 5 1 => 2054 3 24 0
2054 6 1 => 2054 4 25 0
2054 7 1 => 2054 5 26 0
2054 8 1 => 2054 6 28 0
2054 9 1 => 2054 7 29 0
2054 10 1 => 2054 8 30 0
2054 10 1 => 2054 9 1 0
2054 11 1 => 2054 10 2 0
2054 12 1 => 2054 11 3 0
2055 1 1 => 2054 12 4 0
2055 2 1 => 2055 1 5 0
2055 3 1 => 2055 2 4 0
2055 4 1 => 2055 3 5 0
2055 5 1 => 2055 4 5 0
2055 6 1 => 2055 5 7 0
2055 7 1 => 2055 6 7 0
2055 8 1 => 2055 6 9 1
2055 9 1 => 2055 7 10 0
2055 10 1 => 2055 8 11 0
2055 11 1 => 2055 9 13 0
2055 12 1 => 2055 10 13 0
2056 1 1 => 2055 11 15 0
2056 2 1 => 2055 12 16 0
2056 3 1 => 2056 1 15 0
2056 4 1 => 2056 2 17 0
2056 5 1 => 2056 3 17 0
2056 6 1 => 2056 4 18 0
2056 7 1 => 2056 5 19 0
2056 8 1 => 2056 6 20 0
2056 9 1 => 2056 7 22 0
2056 10 1 => 2056 8 22 0
2056 11 1 => 2056 9 24 0
2056 12 1 => 2056 10 25 0
2057 1 1 => 2056 11 26 0
2057 2 1 => 2056 12 28 0
2057 3 1 => 2057 1 26 0
2057 4 1 => 2057 2 28 0
2057 5 1 => 2057 3 28 0
2057 6 1 => 2057 4 29 0
2057 7 1 => 2057 5 30 0
2057 8 1 => 2057 7 2 0
2057 9 1 => 2057 8 3 0
2057 10 1 => 2057 9 4 0
2057 11 1 => 2057 10 5 0
2057 12 1 => 2057 11 6 0
2058 1 1 => 2057 12 7 0
2058 2 1 => 2058 1 9 0
2058 3 1 => 2058 2 7 0
2058 4 1 => 2058 3 9 0
2058 5 1 => 2058 4 9 0
2058 6 1 => 2058 4 11 1
2058 7 1 => 2058 5 11 0
2058 8 1 => 2058 6 13 0
2058 9 1 => 2058 7 14 0
2058 10 1 => 2058 8 14 0
2058 11 1 => 2058 9 16 0
2058 12 1 => 2058 10 16 0
2059 1 1 => 2058 11 17 0
2059 2 1 => 2058 12 19 0
2059 3 1 => 2059 1 18 0
2059 4 1 => 2059 2 19 0
2059 5 1 => 2059 3 20 0
2059 6 1 => 2059 4 21 0
2059 7 1 => 2059 5 22 0
2059 8 1 => 2059 6 23 0
2059 9 1 => 2059 7 25 0
2059 10 1 => 2059 8 25 0
2059 11 1 => 2059 9 27 0
2059 12 1 => 2059 10 27 0
2060 1 1 => 2059 11 28 0
2060 2 1 => 2059 12 29 0
2060 3 1 => 2060 1 28 0
2060 4 1 => 2060 2 30 0
2060 4 1 => 2060 3 1 0
2060 5 1 => 2060 4 2 0
2060 6 1 => 2060 5 3 0
2060 7 1 => 2060 6 4 0
2060 8 1 => 2060 7 6 0
2060 9 1 => 2060 8 7 0
2060 10 1 => 2060 9 8 0
2060 11 1 => 2060 10 9 0
2060 12 1 => 2060 11 9 0
2061 1 1 => 2060 12 10 0
2061 2 1 => 2061 1 12 0
2061 3 1 => 2061 2 10 0
2061 4 1 => 2061 3 11 0
2061 5 1 => 2061 3 12 1
2061 6 1 => 2061 4 14 0
2061 7 1 => 2061 5 14 0
2061 8 1 => 2061 6 16 0
2061 9 1 => 2061 7 18 0
2061 10 1 => 2061 8 18 0
2061 11 1 => 2061 9 20 0
2061 12 1 => 2061 10 20 0
2062 1 1 => 2061 11 21 0
2062 2 1 => 2061 12 22 0
2062 3 1 => 2062 1 21 0
2062 4 1 => 2062 2 22 0
2062 5 1 => 2062 3 22 0
2062 6 1 => 2062 4 24 0
2062 7 1 => 2062 5 25 0
2062 8 1 => 2062 6 26 0
2062 9 1 => 2062 7 28 0
2062 10 1 => 2062 8 29 0
2062 11 1 => 2062 9 30 0
2062 11 1 => 2062 10 1 0
2062 12 1 => 2062 11 1 0
2063 1 1 => 2062 12 2 0
2063 2 1 => 2063 1 4 0
2063 3 1 => 2063 2 2 0
2063 4 1 => 2063 3 3 0
2063 5 1 => 2063 4 4 0
2063 6 1 => 2063 5 5 0
2063 7 1 => 2063 6 6 0
2063 8 1 => 2063 7 7 0
2063 9 1 => 2063 7 9 1
2063 10 1 => 2063 8 10 0
2063 11 1 => 2063 9 11 0
2063 12 1 => 2063 10 12 0
2064 1 1 => 2063 11 13 0
2064 2 1 => 2063 12 15 0
2064 3 1 => 2064 1 13 0
2064 4 1 => 2064 2 15 0
2064 5 1 => 2064 3 15 0
2064 6 1 => 2064 4 17 0
2064 7 1 => 2064 5 17 0
2064 8 1 => 2064 6 19 0
2064 9 1 => 2064 7 20 0
2064 10 1 => 2064 8 21 0
2064 11 1 => 2064 9 23 0
2064 12 1 => 2064 10 23 0
2065 1 1 => 2064 11 25 0
2065 2 1 => 2064 12 26 0
2065 3 1 => 2065 1 25 0
2065 4 1 => 2065 2 26 0
2065 5 1 => 2065 3 26 0
2065 6 1 => 2065 4 28 0
2065 7 1 => 2065 5 28 0
2065 8 1 => 2065 6 29 0
2065 9 1 => 2065 8 1 0
2065 10 1 => 2065 9 2 0
2065 11 1 => 2065 10 4 0
2065 12 1 => 2065 11 4 0
2066 1 1 => 2065 12 6 0
2066 2 1 => 2066 1 7 0
2066 3 1 => 2066 2 6 0
2066 4 1 => 2066 3 7 0
2066 5 1 => 2066 4 8 0
2066 6 1 => 2066 5 9 0
2066 7 1 => 2066 5 9 1
2066 8 1 => 2066 6 11 0
2066 9 1 => 2066 7 12 0
2066 10 1 => 2066 8 13 0
2066 11 1 => 2066 9 14 0
2066 12 1 => 2066 10 15 0
2067 1 1 => 2066 11 16 0
2067 2 1 => 2066 12 18 0
2067 3 1 => 2067 1 16 0
2067 4 1 => 2067 2 18 0
2067 5 1 => 2067 3 18 0
2067 6 1 => 2067 4 20 0
2067 7 1 => 2067 5 20 0
2067 8 1 => 2067 6 22 0
2067 9 1 => 2067 7 23 0
2067 10 1 => 2067 8 23 0
2067 11 1 => 2067 9 25 0
2067 12 1 => 2067 10 25 0
2068 1 1 => 2067 11 27 0
2068 2 1 => 2067 12 28 0
2068 3 1 => 2068 1 27 0
2068 4 1 => 2068 2 29 0
2068 5 1 => 2068 3 30 0
2068 6 1 => 2068 5 2 0
2068 7 1 => 2068 6 3 0
2068 8 1 => 2068 7 4 0
2068 9 1 => 2068 8 5 0
2068 10 1 => 2068 9 6 0
2068 11 1 => 2068 10 7 0
2068 12 1 => 2068 11 7 0
2069 1 1 => 2068 12 9 0
2069 2 1 => 2069 1 10 0
2069 3 1 => 2069 2 9 0
2069 4 1 => 2069 3 10 0
2069 5 1 => 2069 4 11 0
2069 6 1 => 2069 4 12 1
2069 7 1 => 2069 5 13 0
2069 8 1 => 2069 6 15 0
2069 9 1 => 2069 7 16 0
2069 10 1 => 2069 8 17 0
2069 11 1 => 2069 9 18 0
2069 12 1 => 2069 10 18 0
2070 1 1 => 2069 11 19 0
2070 2 1 => 2069 12 21 0
2070 3 1 => 2070 1 19 0
2070 4 1 => 2070 2 21 0
2070 5 1 => 2070 3 21 0
2070 6 1 => 2070 4 23 0
2070 7 1 => 2070 5 23 0
2070 8 1 => 2070 6 25 0
2070 9 1 => 2070 7 27 0
2070 10 1 => 2070 8 27 0
2070 11 1 => 2070 9 29 0
2070 12 1 => 2070 10 29 0
2071 1 1 => 2070 11 30 0
2071 1 1 => 2070 12 1 0
2071 2 1 => 2071 1 2 0
2071 4 1 => 2071 3 2 0
2071 5 1 => 2071 4 2 0
2071 6 1 => 2071 5 4 0
2071 7 1 => 2071 6 4 0
2071 8 1 => 2071 7 6 0
2071 9 1 => 2071 8 8 0
2071 10 1 => 2071 8 8 1
2071 11 1 => 2071 9 10 0
2071 12 1 => 2071 10 10 0
2072 1 1 => 2071 11 12 0
2072 2 1 => 2071 12 13 0
2072 3 1 => 2072 1 11 0
2072 4 1 => 2072 2 13 0
2072 5 1 => 2072 3 14 0
2072 6 1 => 2072 4 15 0
2072 7 1 => 2072 5 16 0
2072 8 1 => 2072 6 17 0
2072 9 1 => 2072 7 19 0
2072 10 1 => 2072 8 20 0
2072 11 1 => 2072 9 21 0
2072 12 1 => 2072 10 22 0
2073 1 1 => 2072 11 23 0
2073 2 1 => 2072 12 25 0
2073 3 1 => 2073 1 23 0
2073 4 1 => 2073 2 24 0
2073 5 1 => 2073 3 25 0
2073 6 1 => 2073 4 26 0
2073 7 1 => 2073 5 26 0
2073 8 1 => 2073 6 28 0
2073 9 1 => 2073 7 29 0
2073 10 1 => 2073 8 30 0
2073 10 1 => 2073 9 1 0
2073 11 1 => 2073 10 2 0
2073 12 1 => 2073 11 3 0
2074 1 1 => 2073 12 4 0
2074 2 1 => 2074 1 6 0
2074 3 1 => 2074 2 4 0
2074 4 1 => 2074 3 6 0
2074 5 1 => 2074 4 6 0
2074 6 1 => 2074 5 7 0
2074 7 1 => 2074 6 8 0
2074 8 1 => 2074 6 9 1
2074 9 1 => 2074 7 11 0
2074 10 1 => 2074 8 11 0
2074 11 1 => 2074 9 13 0
2074 12 1 => 2074 10 13 0
2075 1 1 => 2074 11 15 0
2075 2 1 => 2074 12 16 0
2075 3 1 => 2075 1 15 0
2075 4 1 => 2075 2 16 0
2075 5 1 => 2075 3 17 0
2075 6 1 => 2075 4 18 0
2075 7 1 => 2075 5 19 0
2075 8 1 => 2075 6 20 0
2075 9 1 => 2075 7 21 0
2075 10 1 => 2075 8 22 0
2075 11 1 => 2075 9 23 0
2075 12 1 => 2075 10 24 0
2076 1 1 => 2075 11 25 0
2076 2 1 => 2075 12 27 0
2076 3 1 => 2076 1 25 0
2076 4 1 => 2076 2 28 0
2076 5 1 => 2076 3 28 0
2076 6 1 => 2076 4 30 0
2076 7 1 => 2076 5 30 0
2076 7 1 => 2076 6 1 0
2076 8 1 => 2076 7 2 0
2076 9 1 => 2076 8 4 0
2076 10 1 => 2076 9 4 0
2076 11 1 => 2076 10 5 0
2076 12 1 => 2076 11 6 0
2077 1 1 => 2076 12 7 0
2077 2 1 => 2077 1 9 0
2077 3 1 => 2077 2 7 0
2077 4 1 => 2077 3 9 0
2077 5 1 => 2077 4 9 0
2077 6 1 => 2077 4 11 1
2077 7 1 => 2077 5 12 0
2077 8 1 => 2077 6 13 0
2077 9 1 => 2077 7 15 0
2077 10 1 => 2077 8 15 0
2077 11 1 => 2077 9 16 0
2077 12 1 => 2077 10 16 0
2078 1 1 => 2077 11 18 0
2078 2 1 => 2077 12 19 0
2078 3 1 => 2078 1 18 0
2078 4 1 => 2078 2 19 0
2078 5 1 => 2078 3 20 0
2078 6 1 => 2078 4 21 0
2078 7 1 => 2078 5 22 0
2078 8 1 => 2078 6 24 0
2078 9 1 => 2078 7 25 0
2078 10 1 => 2078 8 26 0
2078 11 1 => 2078 9 27 0
2078 12 1 => 2078 10 27 0
2079 1 1 => 2078 11 29 0
2079 2 1 => 2078 12 30 0
2079 3 1 => 2079 1 28 0
2079 4 1 => 2079 2 30 0
2079 5 1 => 2079 3 30 0
2079 5 1 => 2079 4 1 0
2079 6 1 => 2079 5 2 0
2079 7 1 => 2079 6 3 0
2079 8 1 => 2079 7 5 0
2079 9 1 => 2079 8 6 0
2079 10 1 => 2079 9 7 0
2079 11 1 => 2079 10 8 0
2079 12 1 => 2079 11 9 0
2080 1 1 => 2079 12 10 0
2080 2 1 => 2080 1 11 0
2080 3 1 => 2080 2 9 0
2080 4 1 => 2080 3 12 0
2080 5 1 => 2080 3 12 1
2080 6 1 => 2080 4 14 0
2080 7 1 => 2080 5 14 0
2080 8 1 => 2080 6 16 0
2080 9 1 => 2080 7 18 0
2080 10 1 => 2080 8 18 0
2080 11 1 => 2080 9 20 0
2080 12 1 => 2080 10 21 0
2081 1 1 => 2080 11 22 0
2081 2 1 => 2080 12 23 0
2081 3 1 => 2081 1 21 0
2081 4 1 => 2081 2 23 0
2081 5 1 => 2081 3 23 0
2081 6 1 => 2081 4 24 0
2081 7 1 => 2081 5 25 0
2081 8 1 => 2081 6 26 0
2081 9 1 => 2081 7 28 0
2081 10 1 => 2081 8 29 0
2081 11 1 => 2081 9 30 0
2081 11 1 => 2081 10 1 0
2081 12 1 => 2081 11 2 0
2082 1 1 => 2081 12 3 0
2082 2 1 => 2082 1 4 0
2082 3 1 => 2082 2 3 0
2082 4 1 => 2082 3 4 0
2082 5 1 => 2082 4 4 0
2082 6 1 => 2082 5 5 0
2082 7 1 => 2082 6 6 0
2082 8 1 => 2082 7 8 0
2082 9 1 => 2082 7 9 1
2082 10 1 => 2082 8 10 0
2082 11 1 => 2082 9 11 0
2082 12 1 => 2082 10 12 0
2083 1 1 => 2082 11 14 0
2083 2 1 => 2082 12 15 0
2083 3 1 => 2083 1 13 0
2083 4 1 => 2083 2 15 0
2083 5 1 => 2083 3 15 0
2083 6 1 => 2083 4 16 0
2083 7 1 => 2083 5 17 0
2083 8 1 => 2083 6 18 0
2083 9 1 => 2083 7 20 0
2083 10 1 => 2083 8 20 0
2083 11 1 => 2083 9 22 0
2083 12 1 => 2083 10 22 0
2084 1 1 => 2083 11 24 0
2084 2 1 => 2083 12 25 0
2084 3 1 => 2084 1 24 0
2084 4 1 => 2084 2 26 0
2084 5 1 => 2084 3 27 0
2084 6 1 => 2084 4 28 0
2084 7 1 => 2084 5 29 0
2084 8 1 => 2084 6 30 0
2084 9 1 => 2084 8 2 0
2084 10 1 => 2084 9 2 0
2084 11 1 => 2084 10 4 0
2084 12 1 => 2084 11 4 0
2085 1 1 => 2084 12 6 0
2085 2 1 => 2085 1 7 0
2085 3 1 => 2085 2 6 0
2085 4 1 => 2085 3 7 0
2085 5 1 => 2085 4 8 0
2085 6 1 => 2085 5 10 0
2085 7 1 => 2085 5 10 1
2085 8 1 => 2085 6 11 0
2085 9 1 => 2085 7 13 0
2085 10 1 => 2085 8 13 0
2085 11 1 => 2085 9 14 0
2085 12 1 => 2085 10 15 0
2086 1 1 => 2085 11 16 0
2086 2 1 => 2085 12 18 0
2086 3 1 => 2086 1 16 0
2086 4 1 => 2086 2 18 0
2086 5 1 => 2086 3 18 0
2086 6 1 => 2086 4 20 0
2086 7 1 => 2086 5 21 0
2086 8 1 => 2086 6 22 0
2086 9 1 => 2086 7 24 0
2086 10 1 => 2086 8 24 0
2086 11 1 => 2086 9 25 0
2086 12 1 => 2086 10 26 0
2087 1 1 => 2086 11 27 0
2087 2 1 => 2086 12 28 0
2087 3 1 => 2087 1 27 0
2087 4 1 => 2087 2 28 0
2087 5 1 => 2087 3 29 0
2087 6 1 => 2087 4 30 0
2087 6 1 => 2087 5 1 0
2087 7 1 => 2087 6 2 0
2087 8 1 => 2087 7 3 0
2087 9 1 => 2087 8 5 0
2087 10 1 => 2087 9 5 0
2087 11 1 => 2087 10 7 0
2087 12 1 => 2087 11 7 0
2088 1 1 => 2087 12 8 0
2088 2 1 => 2088 1 9 0
2088 3 1 => 2088 2 8 0
2088 4 1 => 2088 3 10 0
2088 5 1 => 2088 4 11 0
2088 6 1 => 2088 4 12 1
2088 7 1 => 2088 5 13 0
2088 8 1 => 2088 6 15 0
2088 9 1 => 2088 7 16 0
2088 10 1 => 2088 8 17 0
2088 11 1 => 2088 9 19 0
2088 12 1 => 2088 10 19 0
2089 1 1 => 2088 11 20 0
2089 2 1 => 2088 12 21 0
2089 3 1 => 2089 1 20 0
2089 4 1 => 2089 2 21 0
2089 5 1 => 2089 3 21 0
2089 6 1 => 2089 4 23 0
2089 7 1 => 2089 5 23 0
2089 8 1 => 2089 6 25 0
2089 9 1 => 2089 7 27 0
2089 10 1 => 2089 8 28 0
2089 11 1 => 2089 9 29 0
2089 12 1 => 2089 10 30 0
2090 1 1 => 2089 12 1 0
2090 2 1 => 2090 1 3 0
2090 3 1 => 2090 2 1 0
2090 4 1 => 2090 3 2 0
2090 5 1 => 2090 4 2 0
2090 6 1 => 2090 5 4 0
2090 7 1 => 2090 6 4 0
2090 8 1 => 2090 7 6 0
2090 9 1 => 2090 8 8 0
2090 10 1 => 2090 8 8 1
2090 11 1 => 2090 9 10 0
2090 12 1 => 2090 10 11 0
2091 1 1 => 2090 11 12 0
2091 2 1 => 2090 12 13 0
2091 3 1 => 2091 1 12 0
2091 4 1 => 2091 2 13 0
2091 5 1 => 2091 3 13 0
2091 6 1 => 2091 4 15 0
2091 7 1 => 2091 5 15 0
2091 8 1 => 2091 6 17 0
2091 9 1 => 2091 7 18 0
2091 10 1 => 2091 8 19 0
2091 11 1 => 2091 9 20 0
2091 12 1 => 2091 10 21 0
2092 1 1 => 2091 11 23 0
2092 2 1 => 2091 12 24 0
2092 3 1 => 2092 1 23 0
2092 4 1 => 2092 2 25 0
2092 5 1 => 2092 3 25 0
2092 6 1 => 2092 4 27 0
2092 7 1 => 2092 5 27 0
2092 8 1 => 2092 6 28 0
2092 9 1 => 2092 7 30 0
2092 10 1 => 2092 8 30 0
2092 10 1 => 2092 9 1 0
2092 11 1 => 2092 10 2 0
2092 12 1 => 2092 11 3 0
2093 1 1 => 2092 12 4 0
2093 2 1 => 2093 1 6 0
2093 3 1 => 2093 2 5 0
2093 4 1 => 2093 3 6 0
2093 5 1 => 2093 4 6 0
2093 6 1 => 2093 5 8 0
2093 7 1 => 2093 6 8 0
2093 8 1 => 2093 6 10 1
2093 9 1 => 2093 7 11 0
2093 10 1 => 2093 8 11 0
2093 11 1 => 2093 9 13 0
2093 12 1 => 2093 10 13 0
2094 1 1 => 2093 11 15 0
2094 2 1 => 2093 12 16 0
2094 3 1 => 2094 1 15 0
2094 4 1 => 2094 2 17 0
2094 5 1 => 2094 3 17 0
2094 6 1 => 2094 4 19 0
2094 7 1 => 2094 5 19 0
2094 8 1 => 2094 6 21 0
2094 9 1 => 2094 7 22 0
2094 10 1 => 2094 8 22 0
2094 11 1 => 2094 9 24 0
2094 12 1 => 2094 10 24 0
2095 1 1 => 2094 11 25 0
2095 2 1 => 2094 12 27 0
2095 3 1 => 2095 1 25 0
2095 4 1 => 2095 2 27 0
2095 5 1 => 2095 3 27 0
2095 6 1 => 2095 4 29 0
2095 7 1 => 2095 5 30 0
2095 8 1 => 2095 7 2 0
2095 9 1 => 2095 8 3 0
2095 10 1 => 2095 9 4 0
2095 11 1 => 2095 10 5 0
2095 12 1 => 2095 11 5 0
2096 1 1 => 2095 12 6 0
2096 2 1 => 2096 1 8 0
2096 3 1 => 2096 2 6 0
2096 4 1 => 2096 3 9 0
2096 5 1 => 2096 4 9 0
2096 6 1 => 2096 4 11 1
2096 7 1 => 2096 5 12 0
2096 8 1 => 2096 6 13 0
2096 9 1 => 2096 7 15 0
2096 10 1 => 2096 8 16 0
2096 11 1 => 2096 9 17 0
2096 12 1 => 2096 10 17 0
2097 1 1 => 2096 11 18 0
2097 2 1 => 2096 12 20 0
2097 3 1 => 2097 1 18 0
2097 4 1 => 2097 2 19 0
2097 5 1 => 2097 3 20 0
2097 6 1 => 2097 4 21 0
2097 7 1 => 2097 5 22 0
2097 8 1 => 2097 6 24 0
2097 9 1 => 2097 7 26 0
2097 10 1 => 2097 8 26 0
2097 11 1 => 2097 9 28 0
2097 12 1 => 2097 10 28 0
2098 1 1 => 2097 11 29 0
2098 2 1 => 2098 1 1 0
2098 3 1 => 2098 1 29 0
2098 4 1 => 2098 2 30 0
2098 5 1 => 2098 3 30 0
2098 5 1 => 2098 4 1 0
2098 6 1 => 2098 5 2 0
2098 7 1 => 2098 6 3 0
2098 8 1 => 2098 7 5 0
2098 9 1 => 2098 8 7 0
2098 10 1 => 2098 9 7 0
2098 11 1 => 2098 10 9 0
2098 12 1 => 2098 11 9 0
2099 1 1 => 2098 12 11 0
2099 2 1 => 2099 1 12 0
2099 3 1 => 2099 2 10 0
2099 4 1 => 2099 3 11 0
2099 5 1 => 2099 4 12 0
2099 6 1 => 2099 5 13 0
2099 7 1 => 2099 6 13 0
2099 8 1 => 2099 7 15 0
2099 9 1 => 2099 8 17 0
2099 10 1 => 2099 9 17 0
2099 11 1 => 2099 10 19 0
2099 12 1 => 2099 10 20 1
2099 12 1 => 2099 11 20 0
2100 1 1 => 2099 12 2 0
